SO43659
SO43659
SO43659
SO43659
SO43659
SO43659
SO43659
SO43659
SO43659
SO43659
SO43659
SO43659
SO43660
SO43660
SO43661
SO43661
SO43661
SO43661
SO43661
SO43661
SO43661
SO43661
SO43661
SO43661
SO43661
SO43661
SO43661
SO43661
SO43661
SO43662
SO43662
SO43662
SO43662
SO43662
SO43662
SO43662
SO43662
SO43662
SO43662
SO43662
SO43662
SO43662
SO43662
SO43662
SO43662
SO43662
SO43662
SO43662
SO43662
SO43662
SO43662
SO43663
SO43664
SO43664
SO43664
SO43664
SO43664
SO43664
SO43664
SO43664
SO43665
SO43665
SO43665
SO43665
SO43665
SO43665
SO43665
SO43665
SO43665
SO43665
SO43666
SO43666
SO43666
SO43666
SO43666
SO43666
SO43667
SO43667
SO43667
SO43667
SO43668
SO43668
SO43668
SO43668
SO43668
SO43668
SO43668
SO43668
SO43668
SO43668
SO43668
SO43668
SO43668
SO43668
SO43668
SO43668
SO43668
SO43668
SO43668
SO43668
SO43668
SO43668
SO43668
SO43668
SO43668
SO43668
SO43668
SO43668
SO43668
SO43669
SO43670
SO43670
SO43670
SO43670
SO43671
SO43671
SO43671
SO43671
SO43671
SO43671
SO43671
SO43671
SO43671
SO43671
SO43671
SO43672
SO43672
SO43672
SO43673
SO43673
SO43673
SO43673
SO43673
SO43673
SO43673
SO43673
SO43673
SO43673
SO43673
SO43674
SO43675
SO43675
SO43675
SO43675
SO43675
SO43675
SO43675
SO43675
SO43675
SO43676
SO43676
SO43676
SO43676
SO43676
SO43677
SO43677
SO43677
SO43677
SO43677
SO43677
SO43677
SO43677
SO43677
SO43677
SO43677
SO43677
SO43678
SO43678
SO43678
SO43678
SO43678
SO43678
SO43678
SO43678
SO43678
SO43678
SO43678
SO43678
SO43678
SO43678
SO43678
SO43678
SO43678
SO43678
SO43678
SO43679
SO43679
SO43679
SO43680
SO43680
SO43680
SO43680
SO43680
SO43680
SO43680
SO43680
SO43680
SO43680
SO43680
SO43680
SO43680
SO43680
SO43680
SO43681
SO43681
SO43681
SO43681
SO43681
SO43681
SO43681
SO43681
SO43681
SO43681
SO43681
SO43681
SO43681
SO43681
SO43681
SO43681
SO43681
SO43681
SO43681
SO43681
SO43681
SO43682
SO43682
SO43682
SO43682
SO43682
SO43683
SO43683
SO43683
SO43683
SO43683
SO43683
SO43683
SO43683
SO43683
SO43683
SO43683
SO43683
SO43683
SO43684
SO43684
SO43684
SO43684
SO43684
SO43684
SO43685
SO43685
SO43685
SO43685
SO43686
SO43686
SO43686
SO43687
SO43687
SO43688
SO43688
SO43688
SO43688
SO43688
SO43688
SO43688
SO43688
SO43688
SO43688
SO43688
SO43689
SO43689
SO43689
SO43689
SO43689
SO43689
SO43689
SO43689
SO43689
SO43689
SO43689
SO43689
SO43689
SO43689
SO43689
SO43689
SO43689
SO43689
SO43689
SO43689
SO43689
SO43690
SO43690
SO43690
SO43690
SO43691
SO43692
SO43692
SO43692
SO43692
SO43692
SO43692
SO43692
SO43692
SO43692
SO43692
SO43692
SO43692
SO43692
SO43692
SO43692
SO43692
SO43692
SO43692
SO43692
SO43692
SO43692
SO43692
SO43692
SO43692
SO43692
SO43692
SO43692
SO43692
SO43693
SO43693
SO43693
SO43693
SO43693
SO43693
SO43693
SO43693
SO43693
SO43693
SO43694
SO43694
SO43694
SO43694
SO43694
SO43694
SO43694
SO43694
SO43694
SO43694
SO43694
SO43695
SO43695
SO43695
SO43695
SO43695
SO43695
SO43695
SO43695
SO43696
SO43843
SO43843
SO43843
SO43843
SO43843
SO43843
SO43843
SO43843
SO43843
SO43843
SO43844
SO43844
SO43844
SO43844
SO43845
SO43845
SO43845
SO43845
SO43845
SO43845
SO43845
SO43845
SO43845
SO43845
SO43846
SO43846
SO43846
SO43846
SO43847
SO43847
SO43847
SO43848
SO43848
SO43848
SO43848
SO43848
SO43849
SO43849
SO43849
SO43849
SO43849
SO43849
SO43849
SO43849
SO43849
SO43849
SO43849
SO43850
SO43850
SO43850
SO43850
SO43850
SO43850
SO43850
SO43850
SO43850
SO43850
SO43850
SO43851
SO43851
SO43851
SO43851
SO43851
SO43851
SO43851
SO43851
SO43851
SO43851
SO43851
SO43851
SO43852
SO43853
SO43853
SO43853
SO43853
SO43853
SO43853
SO43854
SO43855
SO43855
SO43855
SO43855
SO43855
SO43855
SO43855
SO43855
SO43855
SO43855
SO43855
SO43855
SO43855
SO43856
SO43856
SO43857
SO43857
SO43857
SO43857
SO43857
SO43857
SO43857
SO43857
SO43857
SO43857
SO43857
SO43857
SO43857
SO43857
SO43858
SO43858
SO43858
SO43858
SO43858
SO43858
SO43858
SO43858
SO43858
SO43858
SO43858
SO43858
SO43858
SO43859
SO43859
SO43859
SO43859
SO43860
SO43860
SO43860
SO43860
SO43860
SO43860
SO43860
SO43860
SO43860
SO43860
SO43860
SO43860
SO43861
SO43861
SO43861
SO43861
SO43861
SO43861
SO43861
SO43861
SO43861
SO43861
SO43861
SO43861
SO43861
SO43861
SO43861
SO43861
SO43861
SO43861
SO43861
SO43861
SO43861
SO43861
SO43861
SO43861
SO43861
SO43861
SO43861
SO43862
SO43862
SO43862
SO43862
SO43862
SO43862
SO43862
SO43862
SO43862
SO43863
SO43863
SO43863
SO43863
SO43864
SO43864
SO43864
SO43864
SO43864
SO43864
SO43864
SO43864
SO43864
SO43865
SO43865
SO43865
SO43865
SO43865
SO43865
SO43865
SO43865
SO43865
SO43865
SO43865
SO43865
SO43865
SO43865
SO43866
SO43866
SO43866
SO43867
SO43867
SO43867
SO43867
SO43867
SO43867
SO43867
SO43867
SO43867
SO43867
SO43867
SO43867
SO43867
SO43867
SO43867
SO43867
SO43867
SO43867
SO43868
SO43869
SO43869
SO43869
SO43869
SO43869
SO43869
SO43869
SO43869
SO43869
SO43869
SO43870
SO43870
SO43870
SO43870
SO43870
SO43871
SO43871
SO43871
SO43871
SO43871
SO43871
SO43871
SO43871
SO43871
SO43871
SO43871
SO43871
SO43871
SO43871
SO43872
SO43872
SO43872
SO43872
SO43872
SO43872
SO43872
SO43872
SO43872
SO43872
SO43872
SO43872
SO43872
SO43872
SO43872
SO43872
SO43873
SO43873
SO43873
SO43873
SO43873
SO43873
SO43873
SO43873
SO43873
SO43873
SO43873
SO43873
SO43873
SO43873
SO43873
SO43873
SO43873
SO43873
SO43873
SO43873
SO43873
SO43873
SO43873
SO43873
SO43873
SO43873
SO43873
SO43873
SO43874
SO43875
SO43875
SO43875
SO43875
SO43875
SO43875
SO43875
SO43875
SO43875
SO43875
SO43875
SO43875
SO43875
SO43875
SO43875
SO43875
SO43875
SO43875
SO43875
SO43875
SO43875
SO43876
SO43876
SO43876
SO43876
SO43876
SO43876
SO43876
SO43876
SO43877
SO43877
SO43877
SO43877
SO43877
SO43877
SO43877
SO43877
SO43877
SO43877
SO43878
SO43878
SO43879
SO43879
SO43879
SO43879
SO43879
SO43879
SO43879
SO43879
SO43879
SO43879
SO43879
SO43879
SO43879
SO43879
SO43879
SO43879
SO43879
SO43879
SO43879
SO43879
SO43879
SO43879
SO43879
SO43879
SO43879
SO43879
SO43880
SO43880
SO43880
SO43880
SO43880
SO43880
SO43880
SO43880
SO43880
SO43880
SO43880
SO43880
SO43880
SO43881
SO43881
SO43881
SO43881
SO43881
SO43881
SO43881
SO43881
SO43882
SO43883
SO43883
SO43883
SO43883
SO43883
SO43883
SO43883
SO43883
SO43883
SO43883
SO43883
SO43883
SO43883
SO43883
SO43883
SO43883
SO43883
SO43884
SO43884
SO43884
SO43884
SO43884
SO43884
SO43884
SO43884
SO43884
SO43884
SO43884
SO43884
SO43884
SO43884
SO43884
SO43884
SO43884
SO43884
SO43884
SO43884
SO43884
SO43884
SO43885
SO43885
SO43886
SO43886
SO43886
SO43886
SO43886
SO43886
SO43886
SO43886
SO43886
SO43886
SO43886
SO43886
SO43886
SO43886
SO43886
SO43886
SO43886
SO43886
SO43886
SO43886
SO43886
SO43887
SO43888
SO43888
SO43888
SO43888
SO43888
SO43888
SO43888
SO43888
SO43888
SO43888
SO43888
SO43888
SO43888
SO43888
SO43889
SO43889
SO43890
SO43890
SO43890
SO43890
SO43890
SO43890
SO43890
SO43890
SO43890
SO43890
SO43890
SO43890
SO43890
SO43891
SO43891
SO43891
SO43891
SO43891
SO43891
SO43891
SO43891
SO43891
SO43892
SO43892
SO43892
SO43892
SO43892
SO43892
SO43892
SO43892
SO43892
SO43892
SO43892
SO43892
SO43892
SO43893
SO43894
SO43894
SO43894
SO43894
SO43894
SO43894
SO43894
SO43895
SO43895
SO43895
SO43895
SO43895
SO43895
SO43895
SO43895
SO43895
SO43895
SO43895
SO43895
SO43895
SO43895
SO43895
SO43896
SO43896
SO43896
SO43896
SO43896
SO43897
SO43897
SO43897
SO43897
SO43897
SO43897
SO43897
SO43897
SO43897
SO43897
SO43897
SO43897
SO43897
SO43897
SO43898
SO43898
SO43898
SO43898
SO43898
SO43898
SO43898
SO43898
SO43898
SO43898
SO43898
SO43898
SO43898
SO43898
SO43898
SO43898
SO43898
SO43898
SO43898
SO43898
SO43898
SO43898
SO43898
SO43898
SO43898
SO43898
SO43898
SO43898
SO43899
SO43899
SO43899
SO43899
SO43899
SO43899
SO43899
SO43899
SO43899
SO43899
SO43899
SO43899
SO43899
SO43900
SO43900
SO43900
SO43900
SO43900
SO43900
SO43900
SO43900
SO43900
SO43901
SO43901
SO43901
SO43901
SO43901
SO43901
SO43901
SO43901
SO43901
SO43901
SO43902
SO43902
SO43902
SO43902
SO43902
SO43902
SO43902
SO43902
SO43902
SO43902
SO43902
SO43902
SO43902
SO43902
SO43902
SO43902
SO43902
SO43902
SO43902
SO43902
SO43903
SO43904
SO43904
SO43904
SO43904
SO43904
SO43904
SO43904
SO43904
SO43904
SO43904
SO43904
SO43904
SO43905
SO43905
SO43905
SO43905
SO43905
SO43905
SO43905
SO43905
SO43905
SO43905
SO43905
SO43906
SO43906
SO43906
SO43906
SO43906
SO43906
SO43906
SO43906
SO43906
SO43906
SO43906
SO43906
SO43906
SO43906
SO43907
SO43907
SO43907
SO43907
SO43907
SO43907
SO43907
SO43907
SO43907
SO43907
SO43907
SO43907
SO43907
SO43907
SO43907
SO43907
SO43907
SO43907
SO43907
SO43907
SO43907
SO43907
SO43908
SO43908
SO43908
SO43909
SO43909
SO43909
SO43909
SO43909
SO43909
SO43909
SO43909
SO43909
SO43910
SO43910
SO43910
SO43910
SO43910
SO43910
SO43910
SO43910
SO43910
SO43910
SO43910
SO43910
SO43910
SO43910
SO43910
SO43910
SO43911
SO43911
SO43911
SO43911
SO43911
SO43911
SO43911
SO43911
SO43911
SO43911
SO43911
SO43911
SO43911
SO43911
SO43911
SO43912
SO43912
SO43912
SO43912
SO43912
SO43912
SO43912
SO43912
SO43912
SO43912
SO43912
SO43912
SO43912
SO43912
SO43912
SO43912
SO43913
SO43913
SO43913
SO43913
SO43913
SO43913
SO43913
SO43913
SO43913
SO43913
SO43913
SO43913
SO43914
SO43914
SO43914
SO43914
SO43914
SO43915
SO43916
SO43916
SO43916
SO43916
SO43916
SO43916
SO43916
SO43916
SO43916
SO43916
SO43916
SO43916
SO43916
SO43916
SO43917
SO43917
SO43917
SO43917
SO43917
SO43917
SO43917
SO43917
SO43917
SO43917
SO43917
SO43917
SO43917
SO43917
SO44074
SO44074
SO44074
SO44075
SO44075
SO44075
SO44075
SO44075
SO44075
SO44075
SO44075
SO44075
SO44076
SO44076
SO44077
SO44077
SO44077
SO44077
SO44077
SO44077
SO44077
SO44077
SO44078
SO44078
SO44078
SO44078
SO44078
SO44078
SO44078
SO44078
SO44079
SO44079
SO44079
SO44079
SO44079
SO44079
SO44079
SO44079
SO44079
SO44079
SO44079
SO44079
SO44079
SO44079
SO44079
SO44079
SO44079
SO44079
SO44079
SO44079
SO44079
SO44079
SO44079
SO44079
SO44079
SO44079
SO44079
SO44080
SO44081
SO44081
SO44081
SO44081
SO44081
SO44081
SO44081
SO44081
SO44081
SO44081
SO44081
SO44081
SO44081
SO44081
SO44081
SO44081
SO44082
SO44083
SO44083
SO44083
SO44083
SO44084
SO44084
SO44085
SO44085
SO44085
SO44085
SO44085
SO44085
SO44085
SO44085
SO44085
SO44085
SO44085
SO44085
SO44085
SO44085
SO44085
SO44085
SO44085
SO44085
SO44085
SO44085
SO44085
SO44086
SO44086
SO44086
SO44086
SO44086
SO44086
SO44086
SO44086
SO44086
SO44086
SO44086
SO44086
SO44086
SO44086
SO44086
SO44086
SO44086
SO44086
SO44086
SO44086
SO44086
SO44087
SO44087
SO44088
SO44089
SO44089
SO44089
SO44090
SO44090
SO44090
SO44090
SO44090
SO44090
SO44090
SO44090
SO44090
SO44090
SO44090
SO44090
SO44090
SO44091
SO44091
SO44091
SO44091
SO44091
SO44091
SO44091
SO44092
SO44092
SO44092
SO44092
SO44092
SO44092
SO44092
SO44092
SO44093
SO44093
SO44093
SO44093
SO44093
SO44093
SO44093
SO44093
SO44093
SO44093
SO44093
SO44093
SO44093
SO44093
SO44093
SO44093
SO44093
SO44093
SO44093
SO44094
SO44095
SO44095
SO44095
SO44095
SO44095
SO44095
SO44095
SO44095
SO44095
SO44096
SO44096
SO44097
SO44097
SO44097
SO44097
SO44097
SO44097
SO44097
SO44097
SO44097
SO44097
SO44097
SO44097
SO44098
SO44098
SO44098
SO44098
SO44098
SO44098
SO44099
SO44099
SO44099
SO44099
SO44099
SO44099
SO44100
SO44100
SO44100
SO44100
SO44100
SO44100
SO44100
SO44100
SO44100
SO44100
SO44100
SO44100
SO44100
SO44100
SO44100
SO44100
SO44100
SO44100
SO44100
SO44100
SO44100
SO44101
SO44101
SO44101
SO44101
SO44102
SO44102
SO44102
SO44102
SO44102
SO44103
SO44103
SO44103
SO44103
SO44103
SO44104
SO44104
SO44105
SO44105
SO44105
SO44105
SO44106
SO44107
SO44107
SO44107
SO44107
SO44107
SO44107
SO44107
SO44107
SO44107
SO44107
SO44107
SO44107
SO44107
SO44107
SO44107
SO44107
SO44107
SO44107
SO44107
SO44107
SO44107
SO44108
SO44108
SO44109
SO44109
SO44109
SO44109
SO44109
SO44109
SO44109
SO44109
SO44109
SO44109
SO44109
SO44109
SO44109
SO44109
SO44109
SO44110
SO44110
SO44110
SO44110
SO44110
SO44110
SO44110
SO44110
SO44110
SO44110
SO44110
SO44110
SO44110
SO44110
SO44110
SO44110
SO44110
SO44110
SO44110
SO44110
SO44110
SO44110
SO44111
SO44111
SO44111
SO44111
SO44111
SO44111
SO44111
SO44111
SO44111
SO44111
SO44111
SO44111
SO44111
SO44111
SO44111
SO44111
SO44111
SO44111
SO44111
SO44112
SO44112
SO44112
SO44112
SO44112
SO44113
SO44113
SO44113
SO44113
SO44113
SO44113
SO44113
SO44113
SO44113
SO44113
SO44113
SO44113
SO44113
SO44113
SO44113
SO44114
SO44114
SO44114
SO44114
SO44114
SO44114
SO44114
SO44114
SO44114
SO44114
SO44114
SO44114
SO44114
SO44114
SO44114
SO44114
SO44114
SO44114
SO44114
SO44114
SO44114
SO44114
SO44115
SO44115
SO44115
SO44115
SO44115
SO44115
SO44115
SO44115
SO44115
SO44115
SO44115
SO44115
SO44115
SO44115
SO44115
SO44115
SO44115
SO44115
SO44115
SO44116
SO44116
SO44116
SO44116
SO44116
SO44116
SO44117
SO44117
SO44117
SO44117
SO44117
SO44117
SO44117
SO44117
SO44117
SO44117
SO44117
SO44117
SO44117
SO44117
SO44117
SO44117
SO44118
SO44118
SO44118
SO44119
SO44119
SO44119
SO44119
SO44119
SO44119
SO44119
SO44119
SO44119
SO44119
SO44119
SO44120
SO44120
SO44120
SO44120
SO44120
SO44120
SO44120
SO44120
SO44120
SO44120
SO44120
SO44120
SO44120
SO44120
SO44120
SO44121
SO44121
SO44121
SO44121
SO44121
SO44121
SO44121
SO44121
SO44121
SO44121
SO44121
SO44121
SO44121
SO44121
SO44122
SO44122
SO44123
SO44124
SO44124
SO44124
SO44124
SO44124
SO44124
SO44124
SO44124
SO44124
SO44124
SO44124
SO44124
SO44124
SO44124
SO44124
SO44124
SO44124
SO44124
SO44124
SO44124
SO44124
SO44125
SO44125
SO44125
SO44126
SO44126
SO44126
SO44126
SO44126
SO44126
SO44126
SO44127
SO44127
SO44127
SO44127
SO44127
SO44127
SO44127
SO44127
SO44127
SO44127
SO44127
SO44127
SO44127
SO44127
SO44127
SO44127
SO44127
SO44127
SO44127
SO44127
SO44127
SO44127
SO44128
SO44128
SO44128
SO44128
SO44128
SO44128
SO44128
SO44128
SO44128
SO44128
SO44128
SO44129
SO44129
SO44129
SO44129
SO44129
SO44129
SO44129
SO44129
SO44129
SO44129
SO44129
SO44129
SO44129
SO44129
SO44129
SO44129
SO44129
SO44129
SO44129
SO44129
SO44129
SO44129
SO44129
SO44129
SO44129
SO44129
SO44129
SO44129
SO44129
SO44129
SO44130
SO44130
SO44130
SO44130
SO44130
SO44130
SO44130
SO44130
SO44130
SO44131
SO44131
SO44131
SO44131
SO44131
SO44131
SO44131
SO44131
SO44131
SO44131
SO44132
SO44133
SO44133
SO44133
SO44133
SO44133
SO44133
SO44133
SO44133
SO44133
SO44133
SO44133
SO44133
SO44133
SO44133
SO44133
SO44133
SO44133
SO44280
SO44281
SO44282
SO44282
SO44282
SO44282
SO44282
SO44282
SO44282
SO44282
SO44282
SO44282
SO44282
SO44282
SO44282
SO44282
SO44282
SO44283
SO44283
SO44283
SO44283
SO44283
SO44283
SO44283
SO44283
SO44283
SO44283
SO44283
SO44283
SO44283
SO44283
SO44283
SO44283
SO44283
SO44283
SO44283
SO44283
SO44283
SO44283
SO44283
SO44283
SO44283
SO44283
SO44283
SO44284
SO44284
SO44284
SO44284
SO44284
SO44284
SO44284
SO44284
SO44284
SO44284
SO44284
SO44284
SO44284
SO44284
SO44284
SO44284
SO44285
SO44285
SO44285
SO44285
SO44285
SO44285
SO44285
SO44285
SO44285
SO44285
SO44285
SO44285
SO44285
SO44286
SO44286
SO44286
SO44286
SO44286
SO44286
SO44287
SO44287
SO44287
SO44287
SO44287
SO44288
SO44288
SO44288
SO44288
SO44288
SO44288
SO44288
SO44288
SO44288
SO44288
SO44288
SO44288
SO44288
SO44288
SO44288
SO44288
SO44288
SO44288
SO44288
SO44288
SO44288
SO44288
SO44288
SO44288
SO44288
SO44288
SO44288
SO44288
SO44288
SO44288
SO44288
SO44288
SO44288
SO44288
SO44289
SO44289
SO44289
SO44290
SO44290
SO44290
SO44290
SO44291
SO44291
SO44292
SO44292
SO44292
SO44292
SO44293
SO44293
SO44293
SO44293
SO44293
SO44293
SO44293
SO44293
SO44293
SO44293
SO44293
SO44293
SO44293
SO44293
SO44293
SO44293
SO44293
SO44293
SO44293
SO44293
SO44293
SO44293
SO44293
SO44293
SO44293
SO44294
SO44294
SO44294
SO44294
SO44294
SO44294
SO44294
SO44294
SO44294
SO44294
SO44294
SO44295
SO44295
SO44295
SO44295
SO44295
SO44295
SO44295
SO44295
SO44295
SO44296
SO44296
SO44296
SO44296
SO44296
SO44296
SO44296
SO44296
SO44296
SO44296
SO44296
SO44296
SO44296
SO44296
SO44296
SO44296
SO44296
SO44296
SO44296
SO44296
SO44296
SO44296
SO44296
SO44296
SO44296
SO44296
SO44297
SO44297
SO44297
SO44297
SO44297
SO44297
SO44297
SO44297
SO44298
SO44298
SO44298
SO44298
SO44298
SO44298
SO44298
SO44298
SO44298
SO44298
SO44298
SO44298
SO44298
SO44298
SO44298
SO44298
SO44298
SO44298
SO44298
SO44298
SO44298
SO44298
SO44298
SO44298
SO44298
SO44298
SO44298
SO44299
SO44299
SO44299
SO44299
SO44299
SO44299
SO44299
SO44299
SO44299
SO44299
SO44299
SO44299
SO44299
SO44299
SO44299
SO44299
SO44299
SO44299
SO44299
SO44299
SO44299
SO44299
SO44299
SO44299
SO44299
SO44299
SO44299
SO44300
SO44300
SO44300
SO44300
SO44300
SO44300
SO44300
SO44300
SO44300
SO44300
SO44301
SO44301
SO44301
SO44301
SO44301
SO44301
SO44301
SO44301
SO44301
SO44301
SO44301
SO44301
SO44301
SO44301
SO44301
SO44301
SO44301
SO44301
SO44301
SO44301
SO44301
SO44301
SO44301
SO44301
SO44301
SO44301
SO44301
SO44302
SO44303
SO44304
SO44304
SO44304
SO44304
SO44304
SO44304
SO44304
SO44304
SO44304
SO44305
SO44305
SO44305
SO44305
SO44305
SO44305
SO44305
SO44305
SO44305
SO44305
SO44305
SO44305
SO44305
SO44305
SO44305
SO44306
SO44306
SO44306
SO44306
SO44306
SO44306
SO44306
SO44306
SO44306
SO44306
SO44306
SO44306
SO44306
SO44306
SO44306
SO44306
SO44306
SO44306
SO44306
SO44306
SO44307
SO44307
SO44307
SO44307
SO44307
SO44307
SO44307
SO44307
SO44307
SO44308
SO44308
SO44308
SO44308
SO44308
SO44308
SO44308
SO44308
SO44308
SO44309
SO44309
SO44309
SO44309
SO44309
SO44309
SO44309
SO44309
SO44309
SO44309
SO44309
SO44309
SO44309
SO44309
SO44309
SO44309
SO44309
SO44309
SO44310
SO44311
SO44311
SO44311
SO44311
SO44311
SO44311
SO44311
SO44312
SO44312
SO44312
SO44312
SO44313
SO44313
SO44313
SO44313
SO44313
SO44313
SO44313
SO44313
SO44313
SO44313
SO44313
SO44313
SO44313
SO44313
SO44313
SO44313
SO44313
SO44313
SO44313
SO44313
SO44313
SO44313
SO44314
SO44314
SO44314
SO44314
SO44314
SO44314
SO44314
SO44314
SO44314
SO44314
SO44314
SO44314
SO44314
SO44314
SO44314
SO44314
SO44314
SO44314
SO44314
SO44314
SO44314
SO44314
SO44314
SO44315
SO44315
SO44315
SO44315
SO44315
SO44316
SO44316
SO44316
SO44316
SO44316
SO44316
SO44317
SO44317
SO44317
SO44317
SO44317
SO44317
SO44317
SO44317
SO44317
SO44317
SO44317
SO44317
SO44317
SO44317
SO44317
SO44317
SO44317
SO44317
SO44317
SO44317
SO44317
SO44317
SO44317
SO44317
SO44317
SO44317
SO44317
SO44317
SO44318
SO44318
SO44318
SO44318
SO44318
SO44318
SO44319
SO44319
SO44319
SO44319
SO44319
SO44319
SO44319
SO44319
SO44319
SO44319
SO44319
SO44319
SO44319
SO44319
SO44481
SO44481
SO44481
SO44481
SO44481
SO44481
SO44481
SO44482
SO44483
SO44483
SO44483
SO44483
SO44484
SO44484
SO44484
SO44484
SO44484
SO44485
SO44486
SO44486
SO44487
SO44487
SO44487
SO44487
SO44487
SO44487
SO44487
SO44487
SO44488
SO44488
SO44488
SO44488
SO44488
SO44488
SO44488
SO44488
SO44488
SO44488
SO44488
SO44488
SO44488
SO44488
SO44488
SO44488
SO44488
SO44488
SO44488
SO44488
SO44488
SO44488
SO44488
SO44488
SO44488
SO44488
SO44488
SO44489
SO44489
SO44489
SO44489
SO44489
SO44490
SO44490
SO44490
SO44490
SO44490
SO44490
SO44490
SO44491
SO44491
SO44491
SO44491
SO44492
SO44492
SO44492
SO44492
SO44492
SO44492
SO44492
SO44492
SO44492
SO44492
SO44492
SO44492
SO44492
SO44492
SO44492
SO44492
SO44492
SO44492
SO44492
SO44493
SO44493
SO44493
SO44493
SO44493
SO44493
SO44493
SO44493
SO44493
SO44494
SO44494
SO44494
SO44494
SO44494
SO44494
SO44494
SO44494
SO44494
SO44494
SO44494
SO44494
SO44494
SO44494
SO44494
SO44494
SO44494
SO44494
SO44494
SO44494
SO44494
SO44494
SO44494
SO44494
SO44494
SO44494
SO44495
SO44495
SO44495
SO44496
SO44496
SO44496
SO44496
SO44496
SO44496
SO44496
SO44496
SO44496
SO44496
SO44496
SO44496
SO44496
SO44496
SO44496
SO44496
SO44496
SO44496
SO44496
SO44497
SO44497
SO44498
SO44498
SO44498
SO44498
SO44498
SO44498
SO44498
SO44498
SO44498
SO44498
SO44498
SO44498
SO44498
SO44498
SO44498
SO44499
SO44499
SO44499
SO44499
SO44500
SO44500
SO44500
SO44500
SO44500
SO44500
SO44501
SO44501
SO44501
SO44501
SO44501
SO44501
SO44501
SO44501
SO44501
SO44501
SO44501
SO44501
SO44501
SO44501
SO44501
SO44501
SO44501
SO44501
SO44501
SO44501
SO44502
SO44502
SO44502
SO44502
SO44502
SO44502
SO44502
SO44502
SO44502
SO44502
SO44502
SO44502
SO44502
SO44502
SO44503
SO44503
SO44503
SO44503
SO44504
SO44504
SO44504
SO44504
SO44504
SO44504
SO44504
SO44504
SO44504
SO44504
SO44504
SO44504
SO44504
SO44504
SO44504
SO44504
SO44504
SO44504
SO44504
SO44504
SO44504
SO44504
SO44504
SO44504
SO44504
SO44504
SO44504
SO44505
SO44505
SO44505
SO44505
SO44505
SO44505
SO44505
SO44505
SO44506
SO44506
SO44506
SO44506
SO44506
SO44506
SO44506
SO44506
SO44506
SO44506
SO44506
SO44506
SO44506
SO44506
SO44506
SO44506
SO44506
SO44506
SO44506
SO44506
SO44506
SO44506
SO44506
SO44506
SO44506
SO44506
SO44506
SO44506
SO44506
SO44506
SO44507
SO44507
SO44507
SO44507
SO44507
SO44507
SO44507
SO44507
SO44507
SO44507
SO44507
SO44507
SO44507
SO44508
SO44508
SO44508
SO44508
SO44509
SO44509
SO44509
SO44509
SO44509
SO44509
SO44509
SO44509
SO44509
SO44509
SO44509
SO44509
SO44509
SO44509
SO44509
SO44509
SO44509
SO44509
SO44509
SO44509
SO44509
SO44509
SO44509
SO44509
SO44509
SO44509
SO44509
SO44509
SO44509
SO44509
SO44509
SO44509
SO44510
SO44511
SO44511
SO44511
SO44511
SO44511
SO44512
SO44512
SO44513
SO44513
SO44513
SO44513
SO44513
SO44513
SO44513
SO44513
SO44513
SO44513
SO44513
SO44513
SO44513
SO44513
SO44513
SO44513
SO44514
SO44514
SO44514
SO44514
SO44514
SO44514
SO44514
SO44514
SO44514
SO44514
SO44514
SO44515
SO44515
SO44515
SO44515
SO44515
SO44515
SO44515
SO44516
SO44517
SO44517
SO44517
SO44517
SO44517
SO44517
SO44517
SO44517
SO44517
SO44517
SO44517
SO44517
SO44517
SO44517
SO44517
SO44517
SO44517
SO44517
SO44517
SO44517
SO44517
SO44517
SO44517
SO44517
SO44517
SO44517
SO44517
SO44518
SO44518
SO44518
SO44518
SO44518
SO44518
SO44518
SO44518
SO44518
SO44518
SO44518
SO44518
SO44518
SO44518
SO44518
SO44518
SO44518
SO44518
SO44518
SO44518
SO44519
SO44520
SO44520
SO44520
SO44520
SO44520
SO44520
SO44520
SO44520
SO44520
SO44520
SO44520
SO44520
SO44520
SO44520
SO44520
SO44520
SO44520
SO44520
SO44520
SO44520
SO44520
SO44520
SO44520
SO44520
SO44520
SO44520
SO44520
SO44520
SO44520
SO44520
SO44520
SO44520
SO44520
SO44520
SO44521
SO44521
SO44521
SO44521
SO44521
SO44521
SO44521
SO44521
SO44521
SO44521
SO44521
SO44521
SO44521
SO44521
SO44521
SO44521
SO44521
SO44521
SO44521
SO44521
SO44521
SO44521
SO44521
SO44521
SO44521
SO44521
SO44522
SO44522
SO44522
SO44522
SO44522
SO44522
SO44522
SO44522
SO44522
SO44522
SO44522
SO44522
SO44522
SO44522
SO44522
SO44522
SO44522
SO44522
SO44522
SO44522
SO44522
SO44522
SO44523
SO44523
SO44523
SO44523
SO44523
SO44523
SO44523
SO44523
SO44523
SO44523
SO44523
SO44523
SO44523
SO44523
SO44523
SO44523
SO44523
SO44524
SO44524
SO44524
SO44525
SO44525
SO44525
SO44525
SO44525
SO44525
SO44525
SO44525
SO44525
SO44525
SO44525
SO44525
SO44525
SO44525
SO44525
SO44525
SO44525
SO44525
SO44525
SO44525
SO44525
SO44525
SO44525
SO44525
SO44525
SO44525
SO44525
SO44526
SO44526
SO44526
SO44526
SO44526
SO44526
SO44526
SO44526
SO44526
SO44526
SO44526
SO44526
SO44526
SO44527
SO44527
SO44527
SO44527
SO44527
SO44528
SO44528
SO44528
SO44528
SO44528
SO44528
SO44528
SO44528
SO44528
SO44528
SO44528
SO44528
SO44529
SO44530
SO44530
SO44530
SO44530
SO44530
SO44530
SO44530
SO44530
SO44530
SO44530
SO44530
SO44530
SO44530
SO44530
SO44530
SO44530
SO44530
SO44530
SO44530
SO44530
SO44530
SO44530
SO44531
SO44531
SO44531
SO44531
SO44531
SO44531
SO44531
SO44531
SO44531
SO44531
SO44531
SO44531
SO44531
SO44531
SO44531
SO44531
SO44531
SO44531
SO44531
SO44531
SO44532
SO44533
SO44533
SO44533
SO44533
SO44533
SO44533
SO44533
SO44533
SO44533
SO44533
SO44533
SO44533
SO44533
SO44533
SO44533
SO44533
SO44533
SO44533
SO44533
SO44533
SO44534
SO44534
SO44534
SO44534
SO44534
SO44534
SO44534
SO44534
SO44534
SO44534
SO44534
SO44534
SO44534
SO44535
SO44535
SO44535
SO44535
SO44535
SO44535
SO44535
SO44535
SO44535
SO44535
SO44535
SO44535
SO44535
SO44535
SO44536
SO44537
SO44538
SO44538
SO44538
SO44538
SO44538
SO44538
SO44538
SO44538
SO44538
SO44538
SO44538
SO44538
SO44538
SO44538
SO44538
SO44538
SO44538
SO44538
SO44538
SO44538
SO44538
SO44538
SO44538
SO44538
SO44538
SO44538
SO44538
SO44538
SO44538
SO44538
SO44538
SO44538
SO44538
SO44538
SO44538
SO44539
SO44539
SO44540
SO44540
SO44540
SO44540
SO44540
SO44540
SO44540
SO44540
SO44540
SO44540
SO44540
SO44540
SO44540
SO44540
SO44540
SO44540
SO44541
SO44541
SO44541
SO44541
SO44541
SO44541
SO44541
SO44541
SO44541
SO44541
SO44542
SO44542
SO44542
SO44542
SO44542
SO44542
SO44542
SO44543
SO44543
SO44544
SO44544
SO44544
SO44544
SO44544
SO44544
SO44544
SO44544
SO44544
SO44544
SO44544
SO44544
SO44544
SO44544
SO44545
SO44545
SO44545
SO44545
SO44545
SO44545
SO44545
SO44545
SO44546
SO44547
SO44547
SO44547
SO44547
SO44547
SO44547
SO44547
SO44547
SO44547
SO44547
SO44547
SO44547
SO44547
SO44547
SO44547
SO44547
SO44547
SO44547
SO44547
SO44547
SO44547
SO44547
SO44547
SO44547
SO44547
SO44547
SO44547
SO44547
SO44547
SO44548
SO44549
SO44549
SO44549
SO44549
SO44549
SO44549
SO44549
SO44549
SO44549
SO44549
SO44549
SO44549
SO44550
SO44550
SO44550
SO44550
SO44550
SO44550
SO44550
SO44550
SO44550
SO44550
SO44550
SO44550
SO44550
SO44550
SO44550
SO44550
SO44550
SO44550
SO44550
SO44550
SO44550
SO44551
SO44551
SO44551
SO44551
SO44551
SO44551
SO44551
SO44551
SO44551
SO44551
SO44551
SO44551
SO44551
SO44551
SO44551
SO44552
SO44552
SO44552
SO44552
SO44552
SO44552
SO44552
SO44552
SO44552
SO44552
SO44552
SO44552
SO44552
SO44552
SO44552
SO44552
SO44552
SO44552
SO44552
SO44553
SO44554
SO44555
SO44555
SO44555
SO44555
SO44555
SO44555
SO44555
SO44555
SO44555
SO44555
SO44555
SO44555
SO44555
SO44555
SO44555
SO44555
SO44555
SO44555
SO44555
SO44555
SO44555
SO44555
SO44556
SO44556
SO44556
SO44556
SO44556
SO44556
SO44556
SO44556
SO44556
SO44556
SO44556
SO44556
SO44556
SO44556
SO44556
SO44556
SO44557
SO44557
SO44557
SO44557
SO44557
SO44557
SO44557
SO44557
SO44557
SO44557
SO44557
SO44557
SO44557
SO44557
SO44557
SO44557
SO44557
SO44557
SO44557
SO44557
SO44557
SO44558
SO44559
SO44559
SO44559
SO44559
SO44559
SO44559
SO44559
SO44559
SO44559
SO44559
SO44559
SO44559
SO44559
SO44559
SO44559
SO44559
SO44559
SO44559
SO44559
SO44559
SO44560
SO44560
SO44561
SO44561
SO44561
SO44561
SO44561
SO44561
SO44561
SO44561
SO44561
SO44561
SO44562
SO44562
SO44562
SO44562
SO44562
SO44562
SO44562
SO44562
SO44562
SO44562
SO44562
SO44562
SO44562
SO44562
SO44562
SO44562
SO44562
SO44562
SO44563
SO44563
SO44563
SO44563
SO44563
SO44563
SO44563
SO44563
SO44563
SO44563
SO44563
SO44563
SO44563
SO44563
SO44563
SO44563
SO44563
SO44563
SO44563
SO44563
SO44563
SO44563
SO44563
SO44563
SO44563
SO44563
SO44563
SO44563
SO44564
SO44564
SO44564
SO44564
SO44564
SO44564
SO44564
SO44564
SO44564
SO44564
SO44564
SO44564
SO44564
SO44564
SO44564
SO44564
SO44564
SO44564
SO44564
SO44564
SO44564
SO44564
SO44564
SO44564
SO44565
SO44565
SO44565
SO44565
SO44566
SO44566
SO44566
SO44566
SO44566
SO44566
SO44566
SO44566
SO44566
SO44566
SO44566
SO44566
SO44566
SO44566
SO44566
SO44567
SO44567
SO44567
SO44567
SO44567
SO44567
SO44567
SO44567
SO44567
SO44567
SO44567
SO44567
SO44568
SO44568
SO44568
SO44569
SO44569
SO44569
SO44569
SO44569
SO44569
SO44569
SO44569
SO44569
SO44569
SO44569
SO44569
SO44569
SO44569
SO44569
SO44570
SO44570
SO44570
SO44570
SO44570
SO44570
SO44570
SO44570
SO44570
SO44570
SO44570
SO44570
SO44570
SO44570
SO44570
SO44570
SO44570
SO44570
SO44570
SO44570
SO44570
SO44570
SO44570
SO44570
SO44570
SO44570
SO44570
SO44570
SO44570
SO44570
SO44570
SO44570
SO44740
SO44740
SO44740
SO44740
SO44740
SO44740
SO44740
SO44740
SO44740
SO44741
SO44741
SO44742
SO44742
SO44742
SO44742
SO44742
SO44742
SO44742
SO44742
SO44742
SO44742
SO44742
SO44742
SO44742
SO44742
SO44742
SO44742
SO44742
SO44742
SO44742
SO44742
SO44742
SO44742
SO44742
SO44742
SO44742
SO44742
SO44742
SO44743
SO44743
SO44743
SO44743
SO44743
SO44743
SO44743
SO44743
SO44744
SO44744
SO44744
SO44744
SO44744
SO44744
SO44744
SO44744
SO44744
SO44744
SO44744
SO44744
SO44744
SO44744
SO44744
SO44744
SO44744
SO44744
SO44744
SO44744
SO44744
SO44744
SO44744
SO44744
SO44744
SO44745
SO44745
SO44745
SO44745
SO44745
SO44745
SO44745
SO44745
SO44745
SO44745
SO44745
SO44745
SO44745
SO44745
SO44745
SO44746
SO44746
SO44746
SO44746
SO44746
SO44746
SO44746
SO44747
SO44747
SO44747
SO44747
SO44747
SO44747
SO44747
SO44747
SO44747
SO44748
SO44749
SO44749
SO44749
SO44749
SO44749
SO44749
SO44749
SO44749
SO44749
SO44749
SO44749
SO44749
SO44749
SO44749
SO44749
SO44749
SO44749
SO44749
SO44749
SO44749
SO44749
SO44749
SO44749
SO44749
SO44749
SO44749
SO44749
SO44749
SO44749
SO44749
SO44749
SO44749
SO44749
SO44750
SO44750
SO44750
SO44750
SO44750
SO44750
SO44750
SO44750
SO44750
SO44750
SO44750
SO44750
SO44750
SO44750
SO44750
SO44750
SO44750
SO44750
SO44750
SO44750
SO44750
SO44750
SO44750
SO44750
SO44751
SO44751
SO44751
SO44752
SO44752
SO44752
SO44752
SO44752
SO44752
SO44752
SO44752
SO44752
SO44753
SO44753
SO44753
SO44754
SO44754
SO44754
SO44754
SO44754
SO44754
SO44754
SO44754
SO44754
SO44754
SO44754
SO44754
SO44754
SO44754
SO44755
SO44755
SO44755
SO44755
SO44755
SO44755
SO44755
SO44755
SO44755
SO44755
SO44755
SO44755
SO44755
SO44755
SO44755
SO44755
SO44755
SO44755
SO44755
SO44755
SO44755
SO44755
SO44755
SO44755
SO44755
SO44756
SO44756
SO44756
SO44756
SO44756
SO44756
SO44756
SO44756
SO44756
SO44756
SO44756
SO44756
SO44756
SO44756
SO44756
SO44756
SO44756
SO44757
SO44757
SO44757
SO44757
SO44757
SO44757
SO44757
SO44757
SO44757
SO44758
SO44758
SO44758
SO44758
SO44758
SO44758
SO44758
SO44758
SO44758
SO44758
SO44758
SO44758
SO44758
SO44758
SO44758
SO44758
SO44758
SO44758
SO44758
SO44758
SO44758
SO44758
SO44758
SO44758
SO44758
SO44758
SO44758
SO44759
SO44759
SO44759
SO44759
SO44759
SO44760
SO44760
SO44760
SO44760
SO44761
SO44761
SO44761
SO44761
SO44761
SO44761
SO44761
SO44761
SO44761
SO44761
SO44761
SO44761
SO44762
SO44762
SO44762
SO44762
SO44762
SO44762
SO44762
SO44762
SO44762
SO44762
SO44762
SO44762
SO44762
SO44762
SO44762
SO44762
SO44762
SO44762
SO44762
SO44762
SO44762
SO44763
SO44763
SO44763
SO44763
SO44763
SO44763
SO44763
SO44764
SO44764
SO44764
SO44765
SO44765
SO44765
SO44765
SO44765
SO44765
SO44765
SO44765
SO44765
SO44765
SO44765
SO44766
SO44766
SO44766
SO44766
SO44767
SO44767
SO44767
SO44767
SO44767
SO44767
SO44767
SO44767
SO44767
SO44767
SO44767
SO44768
SO44768
SO44768
SO44768
SO44768
SO44768
SO44768
SO44768
SO44768
SO44768
SO44768
SO44768
SO44768
SO44768
SO44768
SO44768
SO44768
SO44768
SO44768
SO44768
SO44768
SO44768
SO44768
SO44768
SO44768
SO44768
SO44769
SO44770
SO44770
SO44770
SO44770
SO44770
SO44770
SO44770
SO44770
SO44771
SO44771
SO44771
SO44771
SO44771
SO44771
SO44771
SO44771
SO44771
SO44771
SO44771
SO44771
SO44771
SO44771
SO44771
SO44771
SO44771
SO44771
SO44771
SO44771
SO44771
SO44771
SO44771
SO44771
SO44771
SO44771
SO44771
SO44771
SO44771
SO44771
SO44771
SO44771
SO44772
SO44772
SO44772
SO44772
SO44772
SO44772
SO44772
SO44772
SO44772
SO44772
SO44772
SO44772
SO44772
SO44772
SO44772
SO44772
SO44772
SO44772
SO44772
SO44772
SO44772
SO44772
SO44772
SO44772
SO44772
SO44772
SO44772
SO44772
SO44772
SO44772
SO44772
SO44772
SO44772
SO44772
SO44772
SO44773
SO44773
SO44773
SO44773
SO44773
SO44773
SO44773
SO44773
SO44773
SO44773
SO44773
SO44773
SO44773
SO44773
SO44773
SO44773
SO44773
SO44773
SO44773
SO44773
SO44773
SO44773
SO44773
SO44774
SO44774
SO44774
SO44774
SO44774
SO44774
SO44774
SO44774
SO44774
SO44775
SO44775
SO44775
SO44775
SO44776
SO44776
SO44776
SO44776
SO44776
SO44776
SO44776
SO44776
SO44776
SO44776
SO44776
SO44776
SO44776
SO44776
SO44776
SO44776
SO44777
SO44777
SO44777
SO44777
SO44777
SO44777
SO44777
SO44777
SO44777
SO44777
SO44777
SO44777
SO44777
SO44777
SO44777
SO44777
SO44777
SO44777
SO44777
SO44777
SO44778
SO44778
SO44778
SO44778
SO44778
SO44778
SO44778
SO44778
SO44778
SO44778
SO44778
SO44778
SO44778
SO44778
SO44778
SO44778
SO44778
SO44778
SO44778
SO44778
SO44778
SO44779
SO44779
SO44779
SO44779
SO44779
SO44779
SO44779
SO44779
SO44779
SO44780
SO44780
SO44780
SO44780
SO44780
SO44780
SO44780
SO44780
SO44780
SO44780
SO44780
SO44780
SO44780
SO44780
SO44780
SO44780
SO44780
SO44780
SO44780
SO44781
SO44781
SO44782
SO44782
SO44782
SO44782
SO44782
SO44782
SO44782
SO44782
SO44782
SO44782
SO44782
SO44782
SO44782
SO44782
SO44782
SO44782
SO44782
SO44782
SO44782
SO44782
SO44782
SO44783
SO44783
SO44783
SO44783
SO44783
SO44783
SO44783
SO44783
SO44783
SO44783
SO44783
SO44783
SO44783
SO44783
SO44783
SO44783
SO44784
SO44784
SO44784
SO44784
SO44785
SO44786
SO44786
SO44787
SO44787
SO44787
SO44787
SO44787
SO44787
SO44787
SO44787
SO44787
SO44787
SO44787
SO44787
SO44787
SO44787
SO44787
SO44787
SO44787
SO44788
SO44788
SO44788
SO44788
SO44788
SO44788
SO44788
SO44788
SO44788
SO44788
SO44788
SO44788
SO44788
SO44788
SO44789
SO44789
SO44790
SO44791
SO44791
SO44791
SO44791
SO44791
SO44791
SO44791
SO44791
SO44791
SO44791
SO44791
SO44791
SO44791
SO44791
SO44791
SO44791
SO44791
SO44791
SO44791
SO44792
SO44792
SO44792
SO44792
SO44792
SO44792
SO44792
SO44792
SO44792
SO44792
SO44792
SO44793
SO44793
SO44793
SO44794
SO44795
SO44795
SO44795
SO44795
SO44795
SO44795
SO44795
SO44795
SO44795
SO44795
SO44795
SO44795
SO44795
SO44795
SO44795
SO44795
SO44795
SO44795
SO44795
SO44795
SO44796
SO44796
SO44796
SO44796
SO44796
SO44796
SO44796
SO44796
SO44797
SO44797
SO44797
SO44797
SO44797
SO44797
SO44797
SO44797
SO44797
SO44797
SO44797
SO44797
SO44797
SO44797
SO44797
SO44797
SO44797
SO44797
SO44797
SO44797
SO44797
SO44797
SO44797
SO44797
SO44797
SO44797
SO44797
SO44797
SO44797
SO44797
SO44797
SO44797
SO44798
SO44798
SO44798
SO44798
SO44798
SO44798
SO44798
SO44798
SO44798
SO44798
SO44798
SO44798
SO44798
SO44799
SO44799
SO44799
SO44799
SO44799
SO44799
SO44799
SO44799
SO44799
SO44799
SO44800
SO44800
SO44800
SO44800
SO44800
SO44800
SO44801
SO44801
SO44801
SO44801
SO44801
SO44801
SO44801
SO44801
SO44801
SO44801
SO44801
SO44801
SO44801
SO44801
SO44801
SO44801
SO44801
SO44801
SO44801
SO44801
SO44801
SO44801
SO44801
SO44801
SO44801
SO44801
SO44802
SO44802
SO44802
SO44802
SO44802
SO44802
SO45038
SO45038
SO45038
SO45038
SO45038
SO45038
SO45038
SO45038
SO45038
SO45038
SO45038
SO45038
SO45038
SO45038
SO45038
SO45039
SO45039
SO45039
SO45039
SO45039
SO45039
SO45039
SO45039
SO45039
SO45039
SO45039
SO45039
SO45039
SO45039
SO45039
SO45039
SO45039
SO45039
SO45039
SO45040
SO45041
SO45042
SO45042
SO45042
SO45042
SO45042
SO45042
SO45042
SO45043
SO45043
SO45043
SO45043
SO45043
SO45043
SO45043
SO45043
SO45044
SO45044
SO45044
SO45044
SO45044
SO45044
SO45045
SO45045
SO45045
SO45045
SO45045
SO45045
SO45046
SO45046
SO45047
SO45047
SO45047
SO45047
SO45047
SO45047
SO45047
SO45047
SO45047
SO45047
SO45047
SO45047
SO45047
SO45047
SO45047
SO45047
SO45047
SO45047
SO45047
SO45047
SO45047
SO45047
SO45047
SO45047
SO45047
SO45047
SO45048
SO45048
SO45048
SO45048
SO45049
SO45049
SO45049
SO45049
SO45049
SO45050
SO45050
SO45050
SO45051
SO45051
SO45051
SO45052
SO45052
SO45052
SO45052
SO45052
SO45053
SO45053
SO45053
SO45053
SO45053
SO45053
SO45053
SO45053
SO45053
SO45053
SO45053
SO45053
SO45053
SO45053
SO45053
SO45053
SO45053
SO45054
SO45054
SO45054
SO45054
SO45054
SO45054
SO45054
SO45054
SO45055
SO45055
SO45055
SO45055
SO45055
SO45055
SO45055
SO45055
SO45055
SO45055
SO45055
SO45055
SO45055
SO45055
SO45055
SO45055
SO45055
SO45056
SO45056
SO45056
SO45056
SO45056
SO45056
SO45056
SO45056
SO45056
SO45057
SO45057
SO45057
SO45057
SO45057
SO45057
SO45057
SO45057
SO45057
SO45057
SO45057
SO45057
SO45057
SO45057
SO45057
SO45057
SO45057
SO45058
SO45058
SO45058
SO45058
SO45058
SO45058
SO45058
SO45059
SO45059
SO45059
SO45059
SO45059
SO45059
SO45059
SO45059
SO45059
SO45059
SO45059
SO45059
SO45059
SO45059
SO45059
SO45059
SO45059
SO45060
SO45060
SO45060
SO45060
SO45060
SO45060
SO45060
SO45060
SO45060
SO45060
SO45060
SO45060
SO45060
SO45060
SO45060
SO45060
SO45060
SO45060
SO45060
SO45061
SO45061
SO45061
SO45061
SO45061
SO45061
SO45061
SO45061
SO45061
SO45061
SO45061
SO45062
SO45062
SO45062
SO45062
SO45062
SO45062
SO45062
SO45062
SO45062
SO45062
SO45062
SO45062
SO45062
SO45062
SO45062
SO45062
SO45062
SO45062
SO45062
SO45062
SO45063
SO45063
SO45063
SO45063
SO45063
SO45063
SO45063
SO45063
SO45064
SO45064
SO45064
SO45064
SO45064
SO45064
SO45064
SO45064
SO45064
SO45064
SO45065
SO45065
SO45065
SO45065
SO45065
SO45065
SO45065
SO45065
SO45065
SO45065
SO45065
SO45065
SO45065
SO45065
SO45065
SO45066
SO45067
SO45067
SO45067
SO45067
SO45067
SO45067
SO45068
SO45068
SO45068
SO45069
SO45069
SO45069
SO45069
SO45069
SO45069
SO45069
SO45069
SO45069
SO45069
SO45069
SO45069
SO45069
SO45069
SO45070
SO45070
SO45070
SO45070
SO45070
SO45070
SO45070
SO45070
SO45070
SO45070
SO45070
SO45070
SO45070
SO45070
SO45070
SO45070
SO45070
SO45070
SO45071
SO45071
SO45071
SO45071
SO45071
SO45072
SO45072
SO45072
SO45073
SO45074
SO45074
SO45074
SO45074
SO45074
SO45074
SO45074
SO45074
SO45074
SO45074
SO45074
SO45074
SO45074
SO45074
SO45074
SO45074
SO45074
SO45074
SO45074
SO45074
SO45074
SO45074
SO45074
SO45074
SO45075
SO45075
SO45075
SO45075
SO45076
SO45076
SO45076
SO45076
SO45077
SO45077
SO45077
SO45077
SO45077
SO45077
SO45077
SO45077
SO45266
SO45266
SO45266
SO45266
SO45266
SO45266
SO45266
SO45267
SO45267
SO45267
SO45268
SO45268
SO45269
SO45270
SO45270
SO45270
SO45270
SO45270
SO45270
SO45270
SO45270
SO45270
SO45270
SO45270
SO45270
SO45270
SO45270
SO45270
SO45270
SO45270
SO45270
SO45271
SO45271
SO45271
SO45271
SO45271
SO45272
SO45272
SO45272
SO45272
SO45273
SO45273
SO45273
SO45273
SO45273
SO45273
SO45273
SO45274
SO45274
SO45274
SO45274
SO45274
SO45274
SO45274
SO45274
SO45274
SO45275
SO45275
SO45275
SO45275
SO45275
SO45276
SO45276
SO45276
SO45277
SO45277
SO45277
SO45277
SO45277
SO45277
SO45277
SO45277
SO45277
SO45277
SO45277
SO45277
SO45277
SO45277
SO45277
SO45277
SO45277
SO45277
SO45278
SO45278
SO45278
SO45278
SO45278
SO45278
SO45278
SO45278
SO45278
SO45278
SO45278
SO45278
SO45278
SO45278
SO45278
SO45278
SO45278
SO45279
SO45279
SO45280
SO45280
SO45280
SO45280
SO45280
SO45280
SO45280
SO45280
SO45280
SO45280
SO45280
SO45280
SO45281
SO45281
SO45281
SO45282
SO45282
SO45282
SO45282
SO45283
SO45283
SO45283
SO45283
SO45283
SO45283
SO45283
SO45283
SO45283
SO45283
SO45283
SO45283
SO45283
SO45283
SO45283
SO45283
SO45283
SO45283
SO45284
SO45284
SO45284
SO45284
SO45284
SO45284
SO45284
SO45284
SO45284
SO45284
SO45284
SO45284
SO45284
SO45284
SO45284
SO45284
SO45284
SO45284
SO45285
SO45285
SO45285
SO45285
SO45285
SO45285
SO45285
SO45285
SO45285
SO45285
SO45285
SO45286
SO45286
SO45286
SO45286
SO45286
SO45287
SO45288
SO45288
SO45288
SO45288
SO45288
SO45288
SO45288
SO45288
SO45288
SO45288
SO45288
SO45288
SO45288
SO45288
SO45288
SO45288
SO45288
SO45288
SO45288
SO45288
SO45288
SO45288
SO45288
SO45288
SO45288
SO45288
SO45288
SO45289
SO45289
SO45289
SO45289
SO45289
SO45289
SO45289
SO45289
SO45289
SO45290
SO45290
SO45290
SO45290
SO45290
SO45290
SO45290
SO45290
SO45290
SO45291
SO45291
SO45291
SO45291
SO45291
SO45291
SO45291
SO45291
SO45291
SO45291
SO45291
SO45291
SO45291
SO45291
SO45291
SO45291
SO45291
SO45291
SO45291
SO45291
SO45291
SO45291
SO45291
SO45292
SO45293
SO45293
SO45294
SO45294
SO45294
SO45294
SO45294
SO45294
SO45294
SO45294
SO45295
SO45295
SO45295
SO45295
SO45295
SO45295
SO45295
SO45296
SO45296
SO45296
SO45296
SO45296
SO45296
SO45296
SO45296
SO45296
SO45296
SO45296
SO45296
SO45296
SO45296
SO45297
SO45297
SO45297
SO45297
SO45297
SO45297
SO45297
SO45298
SO45298
SO45298
SO45298
SO45298
SO45298
SO45298
SO45298
SO45298
SO45298
SO45298
SO45298
SO45298
SO45298
SO45298
SO45298
SO45299
SO45299
SO45299
SO45299
SO45299
SO45299
SO45299
SO45299
SO45299
SO45299
SO45299
SO45299
SO45299
SO45299
SO45299
SO45299
SO45299
SO45299
SO45299
SO45299
SO45300
SO45300
SO45300
SO45300
SO45300
SO45300
SO45300
SO45300
SO45300
SO45300
SO45300
SO45300
SO45300
SO45300
SO45300
SO45300
SO45300
SO45300
SO45300
SO45300
SO45301
SO45301
SO45301
SO45301
SO45301
SO45301
SO45301
SO45301
SO45301
SO45301
SO45301
SO45301
SO45301
SO45301
SO45301
SO45301
SO45301
SO45301
SO45301
SO45301
SO45301
SO45301
SO45301
SO45301
SO45301
SO45301
SO45301
SO45302
SO45302
SO45302
SO45302
SO45302
SO45302
SO45302
SO45302
SO45302
SO45302
SO45302
SO45302
SO45302
SO45302
SO45302
SO45303
SO45303
SO45303
SO45303
SO45303
SO45304
SO45304
SO45304
SO45304
SO45304
SO45304
SO45305
SO45305
SO45305
SO45305
SO45305
SO45305
SO45305
SO45305
SO45305
SO45305
SO45305
SO45305
SO45305
SO45305
SO45305
SO45305
SO45305
SO45305
SO45305
SO45305
SO45305
SO45305
SO45305
SO45306
SO45306
SO45306
SO45306
SO45306
SO45306
SO45306
SO45307
SO45307
SO45307
SO45307
SO45307
SO45307
SO45307
SO45308
SO45308
SO45308
SO45308
SO45308
SO45308
SO45308
SO45308
SO45308
SO45308
SO45308
SO45308
SO45308
SO45308
SO45308
SO45308
SO45308
SO45308
SO45308
SO45308
SO45308
SO45309
SO45309
SO45309
SO45309
SO45309
SO45309
SO45309
SO45309
SO45309
SO45309
SO45309
SO45309
SO45309
SO45309
SO45309
SO45310
SO45310
SO45310
SO45310
SO45310
SO45311
SO45311
SO45311
SO45311
SO45311
SO45312
SO45312
SO45312
SO45313
SO45313
SO45313
SO45313
SO45313
SO45313
SO45313
SO45313
SO45313
SO45313
SO45313
SO45313
SO45313
SO45313
SO45313
SO45313
SO45313
SO45313
SO45313
SO45313
SO45313
SO45313
SO45314
SO45314
SO45314
SO45314
SO45314
SO45314
SO45314
SO45314
SO45314
SO45314
SO45314
SO45314
SO45314
SO45314
SO45314
SO45314
SO45314
SO45315
SO45315
SO45315
SO45315
SO45315
SO45315
SO45315
SO45315
SO45315
SO45315
SO45315
SO45315
SO45315
SO45315
SO45316
SO45317
SO45317
SO45317
SO45317
SO45317
SO45317
SO45317
SO45317
SO45317
SO45317
SO45317
SO45317
SO45317
SO45317
SO45317
SO45317
SO45317
SO45317
SO45317
SO45317
SO45317
SO45317
SO45318
SO45318
SO45318
SO45318
SO45318
SO45318
SO45318
SO45318
SO45318
SO45318
SO45318
SO45318
SO45318
SO45318
SO45318
SO45318
SO45318
SO45318
SO45318
SO45319
SO45319
SO45319
SO45319
SO45319
SO45320
SO45320
SO45320
SO45320
SO45320
SO45321
SO45321
SO45321
SO45321
SO45321
SO45321
SO45321
SO45321
SO45321
SO45321
SO45321
SO45322
SO45322
SO45322
SO45322
SO45322
SO45322
SO45322
SO45322
SO45323
SO45323
SO45323
SO45323
SO45323
SO45323
SO45323
SO45323
SO45323
SO45323
SO45323
SO45323
SO45323
SO45323
SO45323
SO45323
SO45323
SO45323
SO45323
SO45323
SO45323
SO45323
SO45323
SO45323
SO45323
SO45324
SO45325
SO45325
SO45325
SO45326
SO45326
SO45326
SO45326
SO45326
SO45326
SO45326
SO45326
SO45326
SO45326
SO45326
SO45326
SO45326
SO45326
SO45327
SO45327
SO45327
SO45327
SO45327
SO45328
SO45328
SO45328
SO45328
SO45328
SO45328
SO45328
SO45328
SO45328
SO45328
SO45329
SO45329
SO45329
SO45329
SO45329
SO45329
SO45329
SO45329
SO45329
SO45329
SO45329
SO45329
SO45329
SO45329
SO45329
SO45329
SO45329
SO45329
SO45329
SO45329
SO45330
SO45330
SO45331
SO45331
SO45331
SO45331
SO45331
SO45331
SO45331
SO45331
SO45331
SO45331
SO45331
SO45331
SO45331
SO45331
SO45331
SO45332
SO45332
SO45332
SO45332
SO45332
SO45332
SO45332
SO45332
SO45332
SO45332
SO45332
SO45332
SO45332
SO45332
SO45332
SO45333
SO45333
SO45333
SO45333
SO45333
SO45334
SO45334
SO45334
SO45334
SO45334
SO45334
SO45334
SO45334
SO45334
SO45334
SO45335
SO45335
SO45335
SO45335
SO45335
SO45335
SO45335
SO45335
SO45335
SO45335
SO45335
SO45335
SO45335
SO45335
SO45335
SO45335
SO45335
SO45336
SO45336
SO45336
SO45336
SO45336
SO45336
SO45336
SO45336
SO45336
SO45336
SO45337
SO45337
SO45337
SO45337
SO45337
SO45337
SO45337
SO45337
SO45337
SO45337
SO45337
SO45337
SO45337
SO45337
SO45337
SO45337
SO45337
SO45338
SO45338
SO45338
SO45338
SO45338
SO45338
SO45338
SO45338
SO45338
SO45338
SO45338
SO45338
SO45338
SO45338
SO45338
SO45338
SO45338
SO45338
SO45338
SO45338
SO45339
SO45339
SO45339
SO45339
SO45339
SO45339
SO45339
SO45339
SO45339
SO45339
SO45339
SO45339
SO45339
SO45339
SO45339
SO45339
SO45339
SO45339
SO45339
SO45340
SO45340
SO45340
SO45341
SO45341
SO45341
SO45341
SO45341
SO45341
SO45341
SO45341
SO45341
SO45342
SO45342
SO45342
SO45342
SO45342
SO45342
SO45342
SO45342
SO45342
SO45343
SO45343
SO45343
SO45343
SO45343
SO45343
SO45343
SO45343
SO45343
SO45343
SO45343
SO45343
SO45343
SO45343
SO45343
SO45343
SO45344
SO45344
SO45344
SO45344
SO45344
SO45344
SO45344
SO45344
SO45344
SO45344
SO45344
SO45344
SO45344
SO45344
SO45344
SO45344
SO45344
SO45344
SO45344
SO45344
SO45344
SO45344
SO45516
SO45516
SO45516
SO45516
SO45516
SO45516
SO45516
SO45516
SO45516
SO45516
SO45516
SO45516
SO45516
SO45516
SO45516
SO45516
SO45516
SO45516
SO45516
SO45516
SO45516
SO45517
SO45517
SO45517
SO45517
SO45517
SO45517
SO45518
SO45518
SO45518
SO45518
SO45518
SO45519
SO45519
SO45520
SO45520
SO45520
SO45520
SO45520
SO45520
SO45520
SO45520
SO45520
SO45520
SO45520
SO45520
SO45520
SO45520
SO45520
SO45520
SO45520
SO45520
SO45520
SO45520
SO45520
SO45520
SO45520
SO45520
SO45521
SO45521
SO45521
SO45521
SO45521
SO45521
SO45521
SO45521
SO45521
SO45522
SO45522
SO45522
SO45522
SO45522
SO45522
SO45522
SO45522
SO45522
SO45522
SO45522
SO45522
SO45522
SO45522
SO45522
SO45522
SO45522
SO45522
SO45523
SO45524
SO45524
SO45524
SO45524
SO45524
SO45524
SO45524
SO45524
SO45524
SO45524
SO45524
SO45524
SO45524
SO45524
SO45525
SO45525
SO45525
SO45525
SO45525
SO45525
SO45526
SO45526
SO45526
SO45526
SO45527
SO45527
SO45527
SO45527
SO45527
SO45527
SO45527
SO45527
SO45527
SO45527
SO45527
SO45527
SO45527
SO45527
SO45527
SO45527
SO45527
SO45527
SO45527
SO45527
SO45527
SO45527
SO45527
SO45527
SO45527
SO45528
SO45529
SO45529
SO45529
SO45529
SO45529
SO45529
SO45529
SO45529
SO45529
SO45529
SO45529
SO45529
SO45529
SO45529
SO45529
SO45529
SO45529
SO45529
SO45529
SO45529
SO45529
SO45530
SO45531
SO45531
SO45531
SO45531
SO45531
SO45531
SO45532
SO45532
SO45532
SO45532
SO45532
SO45532
SO45532
SO45532
SO45532
SO45532
SO45532
SO45532
SO45533
SO45533
SO45533
SO45534
SO45534
SO45534
SO45534
SO45534
SO45534
SO45534
SO45534
SO45534
SO45534
SO45534
SO45535
SO45535
SO45535
SO45535
SO45535
SO45535
SO45535
SO45535
SO45535
SO45535
SO45535
SO45535
SO45535
SO45535
SO45535
SO45535
SO45535
SO45536
SO45536
SO45536
SO45536
SO45536
SO45536
SO45536
SO45536
SO45536
SO45536
SO45536
SO45536
SO45536
SO45536
SO45536
SO45536
SO45536
SO45536
SO45537
SO45538
SO45538
SO45538
SO45538
SO45538
SO45538
SO45538
SO45538
SO45538
SO45538
SO45538
SO45538
SO45538
SO45538
SO45538
SO45538
SO45539
SO45539
SO45539
SO45539
SO45539
SO45539
SO45539
SO45539
SO45540
SO45540
SO45540
SO45540
SO45540
SO45540
SO45540
SO45541
SO45541
SO45542
SO45542
SO45542
SO45542
SO45542
SO45542
SO45542
SO45542
SO45542
SO45542
SO45542
SO45542
SO45542
SO45542
SO45542
SO45542
SO45542
SO45542
SO45542
SO45543
SO45543
SO45544
SO45544
SO45544
SO45544
SO45544
SO45544
SO45545
SO45545
SO45545
SO45545
SO45545
SO45545
SO45545
SO45545
SO45546
SO45546
SO45546
SO45546
SO45546
SO45547
SO45547
SO45547
SO45547
SO45547
SO45547
SO45547
SO45547
SO45547
SO45548
SO45548
SO45548
SO45548
SO45548
SO45548
SO45548
SO45549
SO45549
SO45549
SO45549
SO45549
SO45549
SO45549
SO45549
SO45549
SO45549
SO45549
SO45549
SO45549
SO45549
SO45549
SO45549
SO45549
SO45549
SO45549
SO45549
SO45549
SO45549
SO45549
SO45550
SO45550
SO45550
SO45550
SO45550
SO45550
SO45550
SO45550
SO45550
SO45550
SO45550
SO45550
SO45550
SO45550
SO45550
SO45550
SO45550
SO45550
SO45550
SO45550
SO45550
SO45550
SO45550
SO45550
SO45550
SO45550
SO45551
SO45551
SO45551
SO45551
SO45552
SO45552
SO45552
SO45552
SO45552
SO45552
SO45552
SO45552
SO45552
SO45552
SO45552
SO45552
SO45552
SO45552
SO45552
SO45552
SO45552
SO45553
SO45553
SO45553
SO45553
SO45553
SO45553
SO45553
SO45553
SO45553
SO45554
SO45554
SO45554
SO45554
SO45554
SO45554
SO45554
SO45554
SO45554
SO45554
SO45554
SO45554
SO45555
SO45555
SO45555
SO45555
SO45555
SO45555
SO45555
SO45555
SO45555
SO45555
SO45555
SO45555
SO45555
SO45555
SO45555
SO45555
SO45555
SO45555
SO45556
SO45556
SO45556
SO45556
SO45556
SO45556
SO45556
SO45556
SO45556
SO45556
SO45556
SO45556
SO45556
SO45556
SO45556
SO45556
SO45556
SO45556
SO45556
SO45557
SO45557
SO45557
SO45557
SO45557
SO45557
SO45557
SO45557
SO45557
SO45557
SO45557
SO45557
SO45557
SO45557
SO45557
SO45558
SO45558
SO45558
SO45559
SO45560
SO45560
SO45560
SO45560
SO45560
SO45560
SO45560
SO45560
SO45560
SO45560
SO45560
SO45561
SO45561
SO45561
SO45561
SO45561
SO45561
SO45561
SO45561
SO45561
SO45561
SO45561
SO45561
SO45561
SO45561
SO45561
SO45561
SO45561
SO45561
SO45562
SO45562
SO45562
SO45562
SO45563
SO45563
SO45563
SO45564
SO45564
SO45564
SO45564
SO45564
SO45564
SO45564
SO45564
SO45564
SO45564
SO45564
SO45565
SO45565
SO45565
SO45565
SO45565
SO45565
SO45565
SO45565
SO45565
SO45565
SO45565
SO45565
SO45565
SO45565
SO45565
SO45566
SO45567
SO45568
SO45568
SO45568
SO45568
SO45568
SO45568
SO45568
SO45568
SO45568
SO45568
SO45568
SO45568
SO45568
SO45568
SO45568
SO45568
SO45568
SO45568
SO45569
SO45569
SO45569
SO45570
SO45570
SO45570
SO45570
SO45570
SO45570
SO45571
SO45571
SO45571
SO45571
SO45571
SO45571
SO45571
SO45571
SO45571
SO45571
SO45571
SO45571
SO45571
SO45571
SO45571
SO45571
SO45571
SO45571
SO45571
SO45571
SO45571
SO45572
SO45572
SO45572
SO45572
SO45572
SO45572
SO45572
SO45573
SO45573
SO45573
SO45574
SO45574
SO45574
SO45574
SO45574
SO45574
SO45574
SO45574
SO45574
SO45575
SO45575
SO45575
SO45575
SO45575
SO45575
SO45575
SO45575
SO45575
SO45575
SO45575
SO45575
SO45575
SO45575
SO45575
SO45575
SO45575
SO45575
SO45575
SO45575
SO45575
SO45575
SO45575
SO45575
SO45575
SO45575
SO45575
SO45575
SO45576
SO45576
SO45576
SO45576
SO45576
SO45577
SO45577
SO45577
SO45577
SO45577
SO45577
SO45577
SO45577
SO45577
SO45577
SO45577
SO45577
SO45577
SO45577
SO45577
SO45577
SO45577
SO45577
SO45577
SO45577
SO45577
SO45577
SO45577
SO45578
SO45578
SO45578
SO45579
SO45779
SO45779
SO45779
SO45779
SO45779
SO45779
SO45779
SO45779
SO45779
SO45779
SO45779
SO45779
SO45779
SO45779
SO45780
SO45780
SO45780
SO45780
SO45780
SO45780
SO45780
SO45780
SO45780
SO45780
SO45780
SO45780
SO45780
SO45780
SO45780
SO45780
SO45781
SO45781
SO45781
SO45781
SO45781
SO45781
SO45781
SO45781
SO45781
SO45781
SO45781
SO45781
SO45781
SO45781
SO45781
SO45781
SO45781
SO45781
SO45781
SO45781
SO45781
SO45781
SO45781
SO45781
SO45781
SO45781
SO45782
SO45782
SO45782
SO45782
SO45782
SO45782
SO45782
SO45782
SO45782
SO45782
SO45782
SO45782
SO45782
SO45782
SO45782
SO45782
SO45782
SO45782
SO45783
SO45783
SO45783
SO45783
SO45783
SO45783
SO45783
SO45783
SO45783
SO45784
SO45784
SO45784
SO45784
SO45785
SO45785
SO45785
SO45785
SO45785
SO45785
SO45785
SO45785
SO45785
SO45785
SO45785
SO45785
SO45786
SO45786
SO45786
SO45786
SO45786
SO45786
SO45786
SO45786
SO45786
SO45786
SO45786
SO45786
SO45786
SO45786
SO45786
SO45786
SO45786
SO45786
SO45786
SO45786
SO45786
SO45786
SO45786
SO45786
SO45786
SO45786
SO45786
SO45786
SO45786
SO45787
SO45787
SO45787
SO45787
SO45787
SO45787
SO45788
SO45788
SO45789
SO45789
SO45790
SO45790
SO45790
SO45791
SO45791
SO45791
SO45791
SO45791
SO45792
SO45792
SO45792
SO45792
SO45792
SO45792
SO45792
SO45792
SO45792
SO45792
SO45793
SO45793
SO45793
SO45793
SO45793
SO45793
SO45793
SO45793
SO45793
SO45793
SO45793
SO45793
SO45793
SO45793
SO45793
SO45793
SO45793
SO45793
SO45793
SO45793
SO45793
SO45793
SO45793
SO45793
SO45794
SO45794
SO45794
SO45794
SO45794
SO45794
SO45794
SO45794
SO45794
SO45795
SO45795
SO45795
SO45795
SO45795
SO45795
SO45795
SO45795
SO45795
SO45795
SO45795
SO45795
SO45795
SO45795
SO45795
SO45795
SO45795
SO45795
SO45795
SO45795
SO45795
SO45795
SO45795
SO45795
SO45795
SO45796
SO45796
SO45796
SO45796
SO45796
SO45796
SO45796
SO45796
SO45796
SO45796
SO45796
SO45796
SO45797
SO45797
SO45797
SO45797
SO45797
SO45797
SO45797
SO45797
SO45797
SO45797
SO45797
SO45797
SO45797
SO45797
SO45797
SO45797
SO45797
SO45797
SO45797
SO45797
SO45797
SO45797
SO45797
SO45797
SO45797
SO45797
SO45798
SO45798
SO45798
SO45798
SO45798
SO45798
SO45798
SO45798
SO45798
SO45798
SO45798
SO45798
SO45798
SO45798
SO45798
SO45798
SO45798
SO45798
SO45798
SO45798
SO45798
SO45798
SO45798
SO45798
SO45798
SO45798
SO45798
SO45799
SO45799
SO45799
SO45799
SO45799
SO45799
SO45799
SO45799
SO45799
SO45799
SO45799
SO45799
SO45799
SO45799
SO45799
SO45799
SO45799
SO45799
SO45799
SO45799
SO45799
SO45799
SO45799
SO45799
SO45799
SO45799
SO45800
SO45800
SO45800
SO45800
SO45800
SO45800
SO45800
SO45800
SO45801
SO45801
SO45801
SO45801
SO45801
SO45801
SO45801
SO45801
SO45801
SO45801
SO45801
SO45801
SO45801
SO45802
SO45802
SO45802
SO45802
SO45802
SO45802
SO45802
SO45802
SO45802
SO45802
SO45802
SO45802
SO45802
SO45802
SO45802
SO45802
SO45803
SO45803
SO45803
SO45803
SO45803
SO45803
SO45803
SO45803
SO45803
SO45804
SO45804
SO45804
SO45804
SO45804
SO45804
SO45804
SO45804
SO45804
SO45804
SO45804
SO45804
SO45805
SO45805
SO45805
SO45805
SO45805
SO45805
SO45805
SO45805
SO45805
SO45805
SO45805
SO45805
SO45805
SO45805
SO45805
SO45805
SO45805
SO45805
SO45805
SO45805
SO45806
SO45806
SO45806
SO45807
SO45807
SO45807
SO45807
SO45808
SO45808
SO45808
SO45808
SO45808
SO45809
SO45809
SO45809
SO45809
SO45809
SO45809
SO45809
SO45809
SO45809
SO45809
SO45809
SO45809
SO45809
SO45809
SO45809
SO45809
SO45809
SO45809
SO45809
SO45809
SO45810
SO45810
SO45810
SO45810
SO45810
SO45810
SO45810
SO45810
SO45810
SO45810
SO45810
SO45810
SO45810
SO45810
SO45810
SO45810
SO45810
SO45810
SO45810
SO45811
SO45811
SO45811
SO45811
SO45811
SO45812
SO45812
SO45812
SO45812
SO45812
SO45812
SO45812
SO45812
SO45812
SO45813
SO45813
SO45813
SO45813
SO45813
SO45813
SO45813
SO45813
SO45813
SO45813
SO45813
SO45813
SO45813
SO45813
SO45813
SO45813
SO45813
SO45813
SO45813
SO45813
SO45813
SO45813
SO45813
SO45814
SO45814
SO45814
SO45814
SO45814
SO45814
SO45814
SO45814
SO45814
SO45815
SO45815
SO45815
SO45815
SO45815
SO45815
SO45815
SO45815
SO45815
SO45815
SO45815
SO45815
SO45815
SO45815
SO46023
SO46024
SO46024
SO46024
SO46024
SO46024
SO46024
SO46024
SO46024
SO46025
SO46025
SO46025
SO46025
SO46026
SO46026
SO46026
SO46026
SO46026
SO46026
SO46026
SO46026
SO46026
SO46026
SO46027
SO46027
SO46027
SO46027
SO46027
SO46027
SO46028
SO46028
SO46028
SO46028
SO46028
SO46028
SO46028
SO46028
SO46028
SO46028
SO46028
SO46028
SO46028
SO46028
SO46028
SO46028
SO46028
SO46028
SO46028
SO46028
SO46028
SO46028
SO46028
SO46028
SO46028
SO46028
SO46028
SO46028
SO46028
SO46029
SO46029
SO46029
SO46029
SO46029
SO46029
SO46030
SO46030
SO46030
SO46031
SO46031
SO46032
SO46032
SO46032
SO46032
SO46032
SO46032
SO46032
SO46032
SO46032
SO46032
SO46032
SO46032
SO46032
SO46032
SO46033
SO46033
SO46033
SO46033
SO46033
SO46033
SO46033
SO46033
SO46034
SO46034
SO46034
SO46034
SO46034
SO46034
SO46034
SO46034
SO46034
SO46034
SO46034
SO46034
SO46034
SO46034
SO46034
SO46034
SO46034
SO46034
SO46034
SO46034
SO46034
SO46034
SO46034
SO46035
SO46035
SO46035
SO46035
SO46035
SO46035
SO46035
SO46036
SO46036
SO46036
SO46036
SO46036
SO46036
SO46036
SO46036
SO46036
SO46036
SO46036
SO46036
SO46036
SO46036
SO46036
SO46036
SO46036
SO46036
SO46036
SO46036
SO46036
SO46036
SO46036
SO46036
SO46036
SO46036
SO46036
SO46036
SO46036
SO46037
SO46037
SO46038
SO46038
SO46038
SO46038
SO46038
SO46038
SO46038
SO46038
SO46038
SO46038
SO46038
SO46038
SO46038
SO46038
SO46038
SO46038
SO46038
SO46039
SO46039
SO46039
SO46039
SO46039
SO46039
SO46039
SO46039
SO46039
SO46040
SO46041
SO46041
SO46041
SO46041
SO46041
SO46041
SO46041
SO46041
SO46042
SO46042
SO46042
SO46042
SO46042
SO46042
SO46042
SO46042
SO46042
SO46042
SO46042
SO46042
SO46042
SO46042
SO46042
SO46042
SO46042
SO46042
SO46042
SO46042
SO46042
SO46042
SO46042
SO46043
SO46043
SO46043
SO46043
SO46043
SO46043
SO46043
SO46043
SO46043
SO46043
SO46043
SO46043
SO46043
SO46043
SO46043
SO46043
SO46043
SO46044
SO46044
SO46044
SO46044
SO46044
SO46044
SO46044
SO46044
SO46044
SO46044
SO46044
SO46044
SO46044
SO46044
SO46044
SO46044
SO46044
SO46044
SO46044
SO46044
SO46044
SO46044
SO46044
SO46044
SO46044
SO46044
SO46044
SO46044
SO46044
SO46045
SO46045
SO46045
SO46045
SO46045
SO46045
SO46045
SO46045
SO46045
SO46045
SO46045
SO46045
SO46045
SO46045
SO46045
SO46045
SO46045
SO46045
SO46045
SO46045
SO46045
SO46045
SO46045
SO46045
SO46045
SO46045
SO46045
SO46045
SO46045
SO46045
SO46045
SO46046
SO46047
SO46047
SO46047
SO46047
SO46047
SO46047
SO46047
SO46047
SO46047
SO46047
SO46047
SO46048
SO46048
SO46048
SO46048
SO46048
SO46048
SO46048
SO46048
SO46049
SO46049
SO46049
SO46049
SO46049
SO46049
SO46049
SO46049
SO46049
SO46049
SO46049
SO46049
SO46049
SO46049
SO46049
SO46049
SO46049
SO46049
SO46049
SO46049
SO46049
SO46049
SO46049
SO46049
SO46049
SO46049
SO46049
SO46049
SO46049
SO46049
SO46049
SO46049
SO46049
SO46049
SO46049
SO46050
SO46050
SO46051
SO46051
SO46051
SO46051
SO46051
SO46051
SO46051
SO46051
SO46051
SO46052
SO46052
SO46052
SO46052
SO46052
SO46052
SO46052
SO46052
SO46052
SO46052
SO46052
SO46053
SO46053
SO46053
SO46053
SO46053
SO46053
SO46053
SO46053
SO46053
SO46053
SO46053
SO46053
SO46053
SO46053
SO46053
SO46053
SO46054
SO46054
SO46054
SO46054
SO46054
SO46054
SO46054
SO46054
SO46054
SO46055
SO46055
SO46055
SO46055
SO46055
SO46055
SO46055
SO46055
SO46055
SO46055
SO46055
SO46055
SO46055
SO46055
SO46055
SO46055
SO46055
SO46055
SO46055
SO46055
SO46055
SO46055
SO46055
SO46055
SO46055
SO46055
SO46055
SO46056
SO46056
SO46056
SO46056
SO46056
SO46056
SO46056
SO46056
SO46056
SO46056
SO46056
SO46056
SO46056
SO46056
SO46056
SO46056
SO46056
SO46056
SO46056
SO46056
SO46057
SO46057
SO46057
SO46057
SO46057
SO46057
SO46057
SO46057
SO46057
SO46057
SO46057
SO46057
SO46057
SO46057
SO46057
SO46057
SO46057
SO46057
SO46057
SO46057
SO46057
SO46057
SO46057
SO46057
SO46057
SO46057
SO46057
SO46057
SO46057
SO46057
SO46057
SO46057
SO46058
SO46058
SO46058
SO46058
SO46058
SO46058
SO46058
SO46058
SO46058
SO46058
SO46058
SO46058
SO46058
SO46058
SO46058
SO46058
SO46058
SO46058
SO46058
SO46058
SO46058
SO46058
SO46058
SO46058
SO46058
SO46058
SO46058
SO46058
SO46059
SO46059
SO46059
SO46059
SO46059
SO46059
SO46059
SO46059
SO46059
SO46059
SO46059
SO46059
SO46059
SO46059
SO46059
SO46059
SO46059
SO46059
SO46059
SO46060
SO46060
SO46060
SO46060
SO46060
SO46060
SO46060
SO46060
SO46060
SO46060
SO46060
SO46060
SO46060
SO46060
SO46060
SO46060
SO46060
SO46061
SO46061
SO46061
SO46061
SO46062
SO46062
SO46062
SO46062
SO46062
SO46062
SO46062
SO46062
SO46062
SO46062
SO46062
SO46062
SO46062
SO46062
SO46062
SO46062
SO46062
SO46062
SO46062
SO46062
SO46062
SO46062
SO46062
SO46062
SO46062
SO46062
SO46062
SO46063
SO46064
SO46064
SO46064
SO46064
SO46064
SO46064
SO46064
SO46064
SO46064
SO46064
SO46064
SO46064
SO46064
SO46065
SO46065
SO46065
SO46065
SO46066
SO46066
SO46066
SO46066
SO46066
SO46066
SO46066
SO46066
SO46066
SO46066
SO46066
SO46067
SO46067
SO46067
SO46067
SO46067
SO46067
SO46067
SO46067
SO46067
SO46067
SO46067
SO46067
SO46067
SO46067
SO46067
SO46067
SO46067
SO46067
SO46067
SO46067
SO46068
SO46068
SO46068
SO46068
SO46068
SO46068
SO46068
SO46068
SO46068
SO46068
SO46068
SO46068
SO46068
SO46068
SO46068
SO46068
SO46069
SO46069
SO46069
SO46069
SO46069
SO46069
SO46069
SO46070
SO46071
SO46071
SO46071
SO46071
SO46071
SO46071
SO46071
SO46071
SO46071
SO46071
SO46071
SO46071
SO46071
SO46071
SO46071
SO46071
SO46071
SO46071
SO46071
SO46071
SO46072
SO46072
SO46072
SO46072
SO46072
SO46072
SO46072
SO46072
SO46072
SO46072
SO46072
SO46072
SO46072
SO46072
SO46073
SO46074
SO46074
SO46074
SO46074
SO46074
SO46074
SO46074
SO46074
SO46074
SO46074
SO46074
SO46074
SO46074
SO46074
SO46075
SO46075
SO46076
SO46076
SO46076
SO46076
SO46076
SO46076
SO46076
SO46076
SO46076
SO46076
SO46076
SO46076
SO46076
SO46076
SO46076
SO46076
SO46076
SO46076
SO46076
SO46076
SO46076
SO46076
SO46076
SO46076
SO46076
SO46076
SO46076
SO46076
SO46076
SO46076
SO46076
SO46076
SO46077
SO46077
SO46077
SO46077
SO46077
SO46077
SO46077
SO46077
SO46077
SO46077
SO46077
SO46077
SO46077
SO46077
SO46077
SO46078
SO46078
SO46079
SO46079
SO46079
SO46079
SO46080
SO46080
SO46080
SO46080
SO46080
SO46080
SO46081
SO46081
SO46082
SO46082
SO46082
SO46082
SO46082
SO46082
SO46082
SO46082
SO46082
SO46082
SO46082
SO46082
SO46082
SO46082
SO46082
SO46082
SO46082
SO46083
SO46083
SO46083
SO46083
SO46083
SO46083
SO46083
SO46083
SO46083
SO46083
SO46084
SO46084
SO46085
SO46085
SO46085
SO46086
SO46086
SO46086
SO46086
SO46086
SO46086
SO46086
SO46086
SO46086
SO46086
SO46086
SO46086
SO46086
SO46086
SO46086
SO46086
SO46086
SO46086
SO46086
SO46086
SO46086
SO46086
SO46086
SO46086
SO46086
SO46086
SO46086
SO46086
SO46087
SO46087
SO46087
SO46087
SO46087
SO46087
SO46087
SO46087
SO46087
SO46087
SO46087
SO46087
SO46087
SO46087
SO46087
SO46087
SO46087
SO46087
SO46087
SO46087
SO46087
SO46088
SO46088
SO46088
SO46088
SO46088
SO46088
SO46088
SO46088
SO46088
SO46088
SO46089
SO46089
SO46089
SO46089
SO46089
SO46089
SO46089
SO46089
SO46089
SO46089
SO46089
SO46089
SO46089
SO46089
SO46089
SO46090
SO46090
SO46090
SO46090
SO46090
SO46090
SO46090
SO46090
SO46090
SO46090
SO46090
SO46090
SO46090
SO46090
SO46090
SO46090
SO46090
SO46090
SO46090
SO46090
SO46090
SO46090
SO46091
SO46091
SO46091
SO46091
SO46091
SO46091
SO46091
SO46091
SO46091
SO46091
SO46091
SO46091
SO46091
SO46091
SO46091
SO46091
SO46091
SO46091
SO46091
SO46091
SO46091
SO46091
SO46092
SO46093
SO46093
SO46093
SO46093
SO46093
SO46093
SO46093
SO46093
SO46093
SO46093
SO46093
SO46093
SO46093
SO46093
SO46093
SO46093
SO46093
SO46093
SO46093
SO46093
SO46094
SO46094
SO46094
SO46094
SO46094
SO46094
SO46094
SO46094
SO46094
SO46094
SO46094
SO46094
SO46094
SO46094
SO46094
SO46094
SO46094
SO46095
SO46095
SO46095
SO46095
SO46095
SO46095
SO46095
SO46095
SO46095
SO46095
SO46095
SO46095
SO46095
SO46095
SO46095
SO46096
SO46097
SO46097
SO46097
SO46097
SO46098
SO46098
SO46098
SO46098
SO46098
SO46098
SO46098
SO46098
SO46098
SO46098
SO46098
SO46098
SO46099
SO46099
SO46099
SO46099
SO46099
SO46099
SO46099
SO46099
SO46099
SO46099
SO46099
SO46099
SO46099
SO46100
SO46100
SO46100
SO46100
SO46100
SO46100
SO46100
SO46100
SO46100
SO46100
SO46100
SO46100
SO46100
SO46100
SO46100
SO46100
SO46100
SO46100
SO46100
SO46100
SO46100
SO46100
SO46100
SO46100
SO46100
SO46100
SO46100
SO46101
SO46101
SO46101
SO46101
SO46101
SO46101
SO46101
SO46101
SO46101
SO46101
SO46101
SO46101
SO46101
SO46101
SO46101
SO46101
SO46101
SO46101
SO46101
SO46101
SO46101
SO46101
SO46101
SO46101
SO46101
SO46102
SO46102
SO46102
SO46102
SO46102
SO46102
SO46102
SO46103
SO46103
SO46103
SO46103
SO46103
SO46103
SO46103
SO46103
SO46103
SO46103
SO46103
SO46103
SO46103
SO46103
SO46103
SO46103
SO46104
SO46105
SO46105
SO46105
SO46105
SO46105
SO46105
SO46105
SO46105
SO46105
SO46105
SO46105
SO46105
SO46105
SO46105
SO46105
SO46105
SO46105
SO46105
SO46105
SO46105
SO46105
SO46105
SO46105
SO46105
SO46105
SO46105
SO46105
SO46105
SO46105
SO46105
SO46105
SO46105
SO46105
SO46105
SO46105
SO46106
SO46106
SO46106
SO46107
SO46107
SO46107
SO46107
SO46107
SO46107
SO46107
SO46107
SO46107
SO46107
SO46107
SO46107
SO46107
SO46107
SO46107
SO46107
SO46107
SO46322
SO46323
SO46323
SO46323
SO46323
SO46323
SO46323
SO46324
SO46324
SO46324
SO46324
SO46324
SO46324
SO46324
SO46325
SO46325
SO46325
SO46325
SO46325
SO46325
SO46325
SO46325
SO46325
SO46325
SO46325
SO46325
SO46325
SO46325
SO46325
SO46325
SO46325
SO46325
SO46325
SO46325
SO46325
SO46325
SO46325
SO46325
SO46325
SO46326
SO46326
SO46326
SO46326
SO46326
SO46326
SO46326
SO46326
SO46326
SO46326
SO46326
SO46326
SO46326
SO46326
SO46326
SO46326
SO46326
SO46326
SO46326
SO46326
SO46326
SO46326
SO46326
SO46326
SO46326
SO46326
SO46326
SO46327
SO46327
SO46327
SO46327
SO46327
SO46327
SO46327
SO46327
SO46327
SO46327
SO46327
SO46328
SO46329
SO46330
SO46330
SO46330
SO46330
SO46330
SO46330
SO46330
SO46330
SO46330
SO46330
SO46330
SO46330
SO46330
SO46330
SO46330
SO46330
SO46330
SO46331
SO46331
SO46331
SO46331
SO46331
SO46331
SO46331
SO46331
SO46332
SO46332
SO46332
SO46332
SO46332
SO46332
SO46332
SO46332
SO46332
SO46332
SO46333
SO46333
SO46333
SO46333
SO46333
SO46333
SO46333
SO46333
SO46333
SO46333
SO46333
SO46333
SO46333
SO46333
SO46333
SO46333
SO46333
SO46333
SO46333
SO46333
SO46333
SO46333
SO46333
SO46333
SO46333
SO46333
SO46333
SO46333
SO46333
SO46333
SO46333
SO46333
SO46333
SO46333
SO46333
SO46333
SO46334
SO46334
SO46334
SO46334
SO46334
SO46334
SO46334
SO46334
SO46334
SO46334
SO46334
SO46334
SO46334
SO46334
SO46334
SO46334
SO46334
SO46334
SO46334
SO46334
SO46334
SO46334
SO46334
SO46335
SO46336
SO46337
SO46337
SO46338
SO46338
SO46338
SO46338
SO46338
SO46338
SO46338
SO46338
SO46338
SO46338
SO46338
SO46338
SO46338
SO46338
SO46338
SO46338
SO46338
SO46339
SO46339
SO46339
SO46339
SO46339
SO46339
SO46340
SO46340
SO46340
SO46340
SO46341
SO46341
SO46341
SO46341
SO46341
SO46341
SO46341
SO46341
SO46341
SO46341
SO46341
SO46341
SO46341
SO46341
SO46341
SO46341
SO46341
SO46341
SO46341
SO46341
SO46341
SO46341
SO46342
SO46342
SO46342
SO46342
SO46342
SO46342
SO46342
SO46342
SO46342
SO46343
SO46343
SO46343
SO46343
SO46343
SO46343
SO46343
SO46343
SO46343
SO46343
SO46343
SO46343
SO46343
SO46343
SO46343
SO46343
SO46343
SO46343
SO46343
SO46343
SO46343
SO46343
SO46343
SO46343
SO46344
SO46344
SO46344
SO46344
SO46344
SO46344
SO46344
SO46344
SO46344
SO46344
SO46344
SO46344
SO46344
SO46344
SO46344
SO46344
SO46344
SO46344
SO46344
SO46344
SO46344
SO46344
SO46344
SO46344
SO46344
SO46345
SO46345
SO46345
SO46345
SO46345
SO46345
SO46345
SO46345
SO46345
SO46345
SO46345
SO46346
SO46346
SO46346
SO46346
SO46346
SO46346
SO46346
SO46346
SO46346
SO46346
SO46346
SO46347
SO46347
SO46347
SO46347
SO46348
SO46348
SO46348
SO46348
SO46348
SO46348
SO46348
SO46348
SO46348
SO46348
SO46348
SO46348
SO46348
SO46348
SO46348
SO46348
SO46348
SO46348
SO46348
SO46348
SO46348
SO46349
SO46349
SO46349
SO46349
SO46349
SO46349
SO46350
SO46350
SO46350
SO46350
SO46351
SO46351
SO46351
SO46351
SO46351
SO46351
SO46351
SO46352
SO46352
SO46352
SO46352
SO46353
SO46353
SO46353
SO46353
SO46353
SO46353
SO46353
SO46354
SO46355
SO46355
SO46355
SO46355
SO46355
SO46355
SO46355
SO46355
SO46355
SO46355
SO46355
SO46355
SO46355
SO46355
SO46355
SO46355
SO46355
SO46355
SO46355
SO46355
SO46355
SO46356
SO46356
SO46356
SO46356
SO46356
SO46356
SO46356
SO46356
SO46356
SO46356
SO46356
SO46356
SO46356
SO46356
SO46356
SO46356
SO46356
SO46356
SO46356
SO46356
SO46356
SO46356
SO46356
SO46356
SO46356
SO46356
SO46356
SO46356
SO46356
SO46356
SO46356
SO46356
SO46356
SO46356
SO46356
SO46356
SO46357
SO46357
SO46357
SO46357
SO46357
SO46357
SO46357
SO46358
SO46358
SO46358
SO46358
SO46358
SO46358
SO46358
SO46358
SO46358
SO46358
SO46358
SO46358
SO46358
SO46358
SO46358
SO46358
SO46358
SO46358
SO46358
SO46358
SO46358
SO46358
SO46358
SO46358
SO46358
SO46358
SO46358
SO46358
SO46358
SO46358
SO46358
SO46358
SO46358
SO46358
SO46358
SO46359
SO46359
SO46359
SO46359
SO46359
SO46359
SO46359
SO46359
SO46359
SO46359
SO46359
SO46359
SO46359
SO46359
SO46359
SO46359
SO46359
SO46359
SO46359
SO46360
SO46360
SO46360
SO46360
SO46360
SO46360
SO46360
SO46360
SO46360
SO46360
SO46361
SO46361
SO46361
SO46361
SO46361
SO46362
SO46362
SO46362
SO46362
SO46362
SO46362
SO46362
SO46362
SO46362
SO46362
SO46362
SO46362
SO46362
SO46362
SO46362
SO46362
SO46363
SO46363
SO46363
SO46363
SO46363
SO46363
SO46363
SO46363
SO46363
SO46363
SO46363
SO46363
SO46363
SO46363
SO46363
SO46363
SO46363
SO46364
SO46364
SO46364
SO46364
SO46364
SO46364
SO46364
SO46364
SO46364
SO46364
SO46364
SO46364
SO46364
SO46364
SO46364
SO46364
SO46364
SO46364
SO46364
SO46364
SO46364
SO46365
SO46365
SO46365
SO46365
SO46365
SO46366
SO46366
SO46366
SO46366
SO46366
SO46366
SO46367
SO46367
SO46367
SO46367
SO46367
SO46367
SO46367
SO46367
SO46367
SO46367
SO46367
SO46367
SO46367
SO46367
SO46367
SO46367
SO46367
SO46367
SO46367
SO46367
SO46368
SO46368
SO46368
SO46368
SO46368
SO46368
SO46368
SO46368
SO46368
SO46368
SO46368
SO46368
SO46368
SO46368
SO46368
SO46368
SO46368
SO46368
SO46368
SO46368
SO46368
SO46368
SO46368
SO46369
SO46369
SO46369
SO46369
SO46369
SO46369
SO46369
SO46370
SO46370
SO46370
SO46370
SO46370
SO46370
SO46370
SO46370
SO46370
SO46370
SO46370
SO46370
SO46370
SO46370
SO46370
SO46370
SO46370
SO46371
SO46371
SO46372
SO46372
SO46372
SO46372
SO46372
SO46372
SO46372
SO46372
SO46372
SO46372
SO46372
SO46372
SO46372
SO46372
SO46372
SO46373
SO46374
SO46374
SO46374
SO46374
SO46374
SO46374
SO46374
SO46374
SO46374
SO46374
SO46374
SO46374
SO46374
SO46374
SO46374
SO46375
SO46376
SO46376
SO46377
SO46377
SO46377
SO46377
SO46377
SO46377
SO46377
SO46377
SO46377
SO46377
SO46377
SO46377
SO46377
SO46377
SO46377
SO46377
SO46377
SO46378
SO46378
SO46378
SO46379
SO46379
SO46379
SO46379
SO46379
SO46379
SO46379
SO46380
SO46380
SO46380
SO46380
SO46380
SO46380
SO46380
SO46380
SO46380
SO46380
SO46380
SO46380
SO46380
SO46380
SO46380
SO46380
SO46380
SO46380
SO46380
SO46380
SO46380
SO46380
SO46380
SO46381
SO46382
SO46382
SO46382
SO46382
SO46382
SO46382
SO46382
SO46382
SO46383
SO46383
SO46383
SO46383
SO46383
SO46383
SO46383
SO46383
SO46383
SO46384
SO46384
SO46384
SO46384
SO46384
SO46384
SO46384
SO46384
SO46384
SO46384
SO46384
SO46384
SO46384
SO46384
SO46384
SO46385
SO46385
SO46385
SO46385
SO46385
SO46385
SO46385
SO46385
SO46385
SO46385
SO46385
SO46385
SO46385
SO46385
SO46385
SO46385
SO46385
SO46385
SO46385
SO46385
SO46385
SO46385
SO46385
SO46385
SO46385
SO46385
SO46385
SO46385
SO46385
SO46385
SO46385
SO46385
SO46386
SO46386
SO46386
SO46386
SO46386
SO46386
SO46386
SO46386
SO46387
SO46387
SO46387
SO46387
SO46387
SO46387
SO46387
SO46387
SO46387
SO46387
SO46387
SO46387
SO46387
SO46387
SO46387
SO46387
SO46387
SO46387
SO46387
SO46387
SO46387
SO46387
SO46387
SO46387
SO46387
SO46387
SO46387
SO46387
SO46387
SO46388
SO46388
SO46388
SO46388
SO46388
SO46389
SO46604
SO46604
SO46604
SO46604
SO46604
SO46604
SO46604
SO46604
SO46604
SO46604
SO46604
SO46604
SO46604
SO46604
SO46604
SO46604
SO46604
SO46604
SO46604
SO46604
SO46604
SO46604
SO46604
SO46604
SO46604
SO46604
SO46604
SO46604
SO46604
SO46604
SO46604
SO46604
SO46604
SO46604
SO46604
SO46604
SO46604
SO46605
SO46605
SO46605
SO46605
SO46605
SO46605
SO46605
SO46605
SO46605
SO46605
SO46605
SO46605
SO46605
SO46605
SO46605
SO46605
SO46605
SO46605
SO46606
SO46607
SO46607
SO46607
SO46607
SO46607
SO46607
SO46607
SO46607
SO46607
SO46607
SO46607
SO46607
SO46607
SO46607
SO46607
SO46607
SO46607
SO46607
SO46607
SO46607
SO46607
SO46607
SO46607
SO46607
SO46607
SO46607
SO46607
SO46607
SO46607
SO46607
SO46607
SO46607
SO46607
SO46607
SO46607
SO46607
SO46607
SO46607
SO46607
SO46607
SO46607
SO46607
SO46607
SO46607
SO46607
SO46607
SO46608
SO46608
SO46608
SO46608
SO46608
SO46608
SO46608
SO46608
SO46608
SO46608
SO46608
SO46608
SO46608
SO46608
SO46608
SO46608
SO46608
SO46608
SO46608
SO46608
SO46608
SO46608
SO46608
SO46608
SO46608
SO46608
SO46608
SO46608
SO46608
SO46608
SO46608
SO46608
SO46608
SO46608
SO46608
SO46608
SO46608
SO46608
SO46608
SO46608
SO46608
SO46608
SO46608
SO46608
SO46608
SO46608
SO46608
SO46608
SO46608
SO46608
SO46608
SO46609
SO46609
SO46609
SO46610
SO46610
SO46610
SO46610
SO46610
SO46610
SO46610
SO46610
SO46610
SO46610
SO46610
SO46610
SO46610
SO46610
SO46610
SO46610
SO46610
SO46610
SO46610
SO46610
SO46610
SO46611
SO46611
SO46611
SO46611
SO46611
SO46611
SO46611
SO46611
SO46611
SO46611
SO46611
SO46611
SO46611
SO46611
SO46611
SO46611
SO46611
SO46611
SO46611
SO46611
SO46611
SO46611
SO46611
SO46611
SO46611
SO46611
SO46611
SO46611
SO46611
SO46611
SO46611
SO46611
SO46611
SO46611
SO46611
SO46611
SO46611
SO46611
SO46611
SO46611
SO46612
SO46612
SO46612
SO46612
SO46613
SO46613
SO46613
SO46614
SO46614
SO46614
SO46614
SO46614
SO46614
SO46614
SO46614
SO46614
SO46614
SO46614
SO46614
SO46614
SO46614
SO46614
SO46614
SO46614
SO46614
SO46614
SO46614
SO46614
SO46614
SO46614
SO46614
SO46614
SO46614
SO46614
SO46614
SO46614
SO46614
SO46614
SO46614
SO46614
SO46614
SO46614
SO46614
SO46614
SO46614
SO46614
SO46614
SO46614
SO46614
SO46614
SO46614
SO46614
SO46614
SO46614
SO46614
SO46614
SO46614
SO46614
SO46614
SO46614
SO46614
SO46614
SO46614
SO46614
SO46614
SO46614
SO46614
SO46615
SO46615
SO46615
SO46615
SO46615
SO46615
SO46615
SO46615
SO46615
SO46616
SO46616
SO46616
SO46616
SO46616
SO46616
SO46616
SO46616
SO46616
SO46616
SO46616
SO46616
SO46616
SO46616
SO46616
SO46616
SO46616
SO46616
SO46616
SO46616
SO46616
SO46616
SO46616
SO46616
SO46616
SO46616
SO46616
SO46616
SO46616
SO46616
SO46616
SO46616
SO46616
SO46616
SO46616
SO46616
SO46616
SO46616
SO46616
SO46616
SO46616
SO46616
SO46616
SO46616
SO46616
SO46616
SO46616
SO46616
SO46616
SO46616
SO46616
SO46616
SO46616
SO46616
SO46616
SO46616
SO46616
SO46616
SO46616
SO46616
SO46616
SO46616
SO46616
SO46616
SO46616
SO46617
SO46617
SO46617
SO46617
SO46617
SO46617
SO46618
SO46619
SO46620
SO46620
SO46620
SO46620
SO46620
SO46620
SO46620
SO46620
SO46620
SO46620
SO46620
SO46620
SO46620
SO46620
SO46620
SO46620
SO46620
SO46620
SO46620
SO46620
SO46620
SO46620
SO46620
SO46620
SO46620
SO46620
SO46620
SO46620
SO46620
SO46620
SO46620
SO46620
SO46620
SO46620
SO46620
SO46620
SO46620
SO46620
SO46620
SO46620
SO46620
SO46620
SO46620
SO46620
SO46620
SO46620
SO46620
SO46620
SO46620
SO46620
SO46621
SO46621
SO46621
SO46621
SO46621
SO46621
SO46621
SO46621
SO46622
SO46622
SO46622
SO46622
SO46622
SO46622
SO46622
SO46622
SO46622
SO46622
SO46622
SO46622
SO46622
SO46622
SO46622
SO46622
SO46622
SO46622
SO46622
SO46622
SO46623
SO46623
SO46623
SO46624
SO46624
SO46624
SO46624
SO46624
SO46624
SO46624
SO46624
SO46624
SO46624
SO46624
SO46624
SO46624
SO46624
SO46624
SO46624
SO46624
SO46624
SO46624
SO46624
SO46624
SO46625
SO46625
SO46625
SO46625
SO46625
SO46625
SO46625
SO46625
SO46625
SO46625
SO46625
SO46625
SO46625
SO46625
SO46625
SO46625
SO46625
SO46625
SO46625
SO46625
SO46625
SO46625
SO46625
SO46625
SO46625
SO46625
SO46625
SO46625
SO46625
SO46625
SO46625
SO46625
SO46625
SO46625
SO46625
SO46625
SO46625
SO46625
SO46625
SO46625
SO46625
SO46625
SO46625
SO46625
SO46625
SO46625
SO46625
SO46625
SO46625
SO46625
SO46625
SO46625
SO46625
SO46626
SO46626
SO46626
SO46626
SO46626
SO46626
SO46626
SO46626
SO46626
SO46626
SO46626
SO46626
SO46626
SO46626
SO46626
SO46626
SO46626
SO46626
SO46626
SO46626
SO46626
SO46626
SO46626
SO46626
SO46626
SO46626
SO46626
SO46626
SO46626
SO46626
SO46626
SO46626
SO46626
SO46626
SO46626
SO46627
SO46627
SO46627
SO46627
SO46627
SO46627
SO46627
SO46627
SO46627
SO46627
SO46627
SO46627
SO46627
SO46627
SO46627
SO46627
SO46627
SO46627
SO46627
SO46627
SO46628
SO46629
SO46629
SO46629
SO46629
SO46629
SO46629
SO46629
SO46629
SO46629
SO46629
SO46629
SO46629
SO46629
SO46629
SO46629
SO46629
SO46629
SO46629
SO46629
SO46629
SO46629
SO46629
SO46629
SO46629
SO46629
SO46629
SO46629
SO46629
SO46629
SO46629
SO46629
SO46629
SO46629
SO46629
SO46629
SO46629
SO46629
SO46629
SO46629
SO46630
SO46630
SO46630
SO46630
SO46630
SO46630
SO46630
SO46630
SO46630
SO46630
SO46630
SO46630
SO46630
SO46630
SO46630
SO46630
SO46630
SO46630
SO46630
SO46630
SO46630
SO46630
SO46630
SO46630
SO46630
SO46630
SO46630
SO46630
SO46630
SO46630
SO46630
SO46630
SO46630
SO46630
SO46630
SO46630
SO46630
SO46630
SO46630
SO46631
SO46631
SO46631
SO46631
SO46631
SO46631
SO46631
SO46631
SO46631
SO46631
SO46631
SO46631
SO46631
SO46631
SO46631
SO46631
SO46632
SO46633
SO46633
SO46633
SO46633
SO46633
SO46633
SO46633
SO46633
SO46633
SO46633
SO46633
SO46633
SO46633
SO46633
SO46633
SO46633
SO46633
SO46633
SO46633
SO46633
SO46633
SO46633
SO46633
SO46633
SO46633
SO46633
SO46633
SO46633
SO46633
SO46633
SO46633
SO46633
SO46633
SO46633
SO46633
SO46633
SO46633
SO46633
SO46633
SO46633
SO46633
SO46634
SO46634
SO46634
SO46634
SO46635
SO46635
SO46636
SO46637
SO46638
SO46638
SO46638
SO46638
SO46638
SO46638
SO46638
SO46638
SO46638
SO46638
SO46638
SO46638
SO46638
SO46638
SO46638
SO46638
SO46638
SO46638
SO46638
SO46638
SO46638
SO46638
SO46638
SO46638
SO46638
SO46638
SO46638
SO46638
SO46638
SO46638
SO46638
SO46638
SO46638
SO46638
SO46638
SO46638
SO46638
SO46638
SO46638
SO46638
SO46638
SO46638
SO46638
SO46638
SO46638
SO46638
SO46638
SO46638
SO46638
SO46638
SO46638
SO46638
SO46638
SO46639
SO46639
SO46639
SO46639
SO46639
SO46639
SO46639
SO46639
SO46639
SO46639
SO46639
SO46639
SO46639
SO46639
SO46639
SO46639
SO46639
SO46639
SO46640
SO46640
SO46640
SO46640
SO46640
SO46640
SO46640
SO46640
SO46640
SO46640
SO46640
SO46640
SO46640
SO46640
SO46640
SO46640
SO46640
SO46640
SO46640
SO46640
SO46641
SO46642
SO46642
SO46642
SO46642
SO46642
SO46642
SO46642
SO46642
SO46642
SO46642
SO46642
SO46642
SO46642
SO46642
SO46642
SO46642
SO46642
SO46642
SO46642
SO46642
SO46642
SO46642
SO46642
SO46642
SO46642
SO46642
SO46642
SO46642
SO46642
SO46642
SO46642
SO46642
SO46642
SO46642
SO46642
SO46642
SO46642
SO46642
SO46643
SO46643
SO46643
SO46643
SO46643
SO46643
SO46643
SO46643
SO46643
SO46643
SO46643
SO46643
SO46643
SO46643
SO46643
SO46643
SO46643
SO46643
SO46643
SO46643
SO46643
SO46643
SO46643
SO46643
SO46643
SO46643
SO46643
SO46643
SO46643
SO46643
SO46643
SO46643
SO46643
SO46643
SO46643
SO46643
SO46643
SO46643
SO46643
SO46643
SO46643
SO46643
SO46643
SO46644
SO46645
SO46645
SO46645
SO46645
SO46645
SO46645
SO46645
SO46645
SO46645
SO46645
SO46645
SO46645
SO46645
SO46645
SO46645
SO46645
SO46645
SO46645
SO46645
SO46645
SO46645
SO46645
SO46645
SO46645
SO46645
SO46645
SO46645
SO46645
SO46645
SO46645
SO46645
SO46645
SO46645
SO46645
SO46645
SO46646
SO46646
SO46646
SO46646
SO46646
SO46646
SO46646
SO46646
SO46646
SO46646
SO46646
SO46647
SO46647
SO46647
SO46647
SO46647
SO46647
SO46647
SO46647
SO46647
SO46647
SO46647
SO46647
SO46647
SO46647
SO46647
SO46647
SO46647
SO46647
SO46647
SO46647
SO46647
SO46647
SO46647
SO46647
SO46647
SO46647
SO46647
SO46647
SO46647
SO46647
SO46647
SO46647
SO46647
SO46647
SO46647
SO46647
SO46647
SO46647
SO46647
SO46647
SO46647
SO46648
SO46648
SO46648
SO46648
SO46648
SO46648
SO46648
SO46648
SO46648
SO46648
SO46648
SO46648
SO46648
SO46648
SO46648
SO46648
SO46648
SO46648
SO46648
SO46648
SO46648
SO46648
SO46648
SO46648
SO46648
SO46648
SO46648
SO46648
SO46648
SO46648
SO46648
SO46648
SO46648
SO46648
SO46648
SO46648
SO46648
SO46648
SO46648
SO46648
SO46648
SO46648
SO46648
SO46648
SO46648
SO46648
SO46648
SO46648
SO46648
SO46648
SO46649
SO46649
SO46649
SO46649
SO46649
SO46649
SO46649
SO46649
SO46649
SO46649
SO46649
SO46649
SO46649
SO46649
SO46649
SO46649
SO46649
SO46649
SO46649
SO46649
SO46650
SO46650
SO46650
SO46650
SO46651
SO46651
SO46651
SO46651
SO46651
SO46651
SO46651
SO46651
SO46651
SO46651
SO46651
SO46652
SO46652
SO46652
SO46652
SO46652
SO46652
SO46652
SO46652
SO46652
SO46652
SO46652
SO46652
SO46652
SO46652
SO46652
SO46652
SO46652
SO46652
SO46652
SO46652
SO46652
SO46652
SO46652
SO46652
SO46652
SO46652
SO46652
SO46652
SO46652
SO46652
SO46652
SO46652
SO46652
SO46652
SO46652
SO46652
SO46652
SO46652
SO46652
SO46652
SO46652
SO46652
SO46653
SO46653
SO46653
SO46653
SO46653
SO46653
SO46654
SO46654
SO46654
SO46654
SO46654
SO46654
SO46654
SO46654
SO46654
SO46654
SO46654
SO46654
SO46654
SO46654
SO46654
SO46654
SO46654
SO46654
SO46655
SO46655
SO46655
SO46655
SO46655
SO46655
SO46655
SO46655
SO46655
SO46655
SO46655
SO46655
SO46655
SO46655
SO46655
SO46655
SO46655
SO46655
SO46655
SO46655
SO46655
SO46655
SO46655
SO46655
SO46655
SO46655
SO46655
SO46655
SO46655
SO46655
SO46655
SO46655
SO46656
SO46657
SO46657
SO46657
SO46657
SO46657
SO46657
SO46657
SO46657
SO46657
SO46657
SO46657
SO46657
SO46657
SO46657
SO46657
SO46657
SO46657
SO46657
SO46657
SO46657
SO46657
SO46657
SO46657
SO46657
SO46657
SO46657
SO46657
SO46657
SO46657
SO46657
SO46657
SO46657
SO46657
SO46657
SO46657
SO46657
SO46657
SO46657
SO46657
SO46657
SO46657
SO46657
SO46657
SO46657
SO46657
SO46657
SO46657
SO46657
SO46657
SO46657
SO46657
SO46657
SO46657
SO46657
SO46657
SO46657
SO46658
SO46658
SO46658
SO46658
SO46658
SO46658
SO46658
SO46658
SO46659
SO46659
SO46660
SO46660
SO46660
SO46660
SO46660
SO46660
SO46660
SO46660
SO46660
SO46660
SO46660
SO46660
SO46660
SO46660
SO46660
SO46660
SO46660
SO46660
SO46660
SO46660
SO46660
SO46660
SO46660
SO46660
SO46660
SO46660
SO46660
SO46660
SO46660
SO46660
SO46660
SO46660
SO46660
SO46660
SO46660
SO46660
SO46660
SO46660
SO46660
SO46660
SO46660
SO46660
SO46660
SO46660
SO46660
SO46661
SO46661
SO46662
SO46662
SO46662
SO46662
SO46662
SO46662
SO46662
SO46662
SO46662
SO46662
SO46662
SO46662
SO46662
SO46662
SO46662
SO46662
SO46662
SO46662
SO46662
SO46662
SO46662
SO46662
SO46662
SO46662
SO46662
SO46662
SO46662
SO46662
SO46662
SO46662
SO46662
SO46662
SO46662
SO46662
SO46662
SO46662
SO46662
SO46662
SO46662
SO46662
SO46662
SO46662
SO46662
SO46662
SO46662
SO46662
SO46662
SO46662
SO46662
SO46662
SO46662
SO46662
SO46662
SO46662
SO46662
SO46662
SO46662
SO46663
SO46663
SO46663
SO46663
SO46663
SO46663
SO46663
SO46663
SO46663
SO46663
SO46663
SO46663
SO46663
SO46663
SO46663
SO46663
SO46663
SO46663
SO46663
SO46664
SO46664
SO46664
SO46664
SO46664
SO46664
SO46664
SO46664
SO46664
SO46664
SO46664
SO46664
SO46664
SO46664
SO46664
SO46664
SO46664
SO46664
SO46664
SO46664
SO46664
SO46664
SO46664
SO46665
SO46666
SO46666
SO46666
SO46666
SO46666
SO46666
SO46666
SO46666
SO46666
SO46666
SO46666
SO46666
SO46666
SO46666
SO46666
SO46666
SO46666
SO46666
SO46666
SO46666
SO46666
SO46666
SO46666
SO46666
SO46666
SO46666
SO46666
SO46666
SO46666
SO46666
SO46666
SO46666
SO46666
SO46666
SO46666
SO46666
SO46666
SO46666
SO46666
SO46666
SO46666
SO46666
SO46666
SO46666
SO46666
SO46666
SO46666
SO46666
SO46666
SO46666
SO46666
SO46666
SO46666
SO46666
SO46666
SO46666
SO46666
SO46666
SO46666
SO46667
SO46667
SO46667
SO46667
SO46667
SO46667
SO46667
SO46667
SO46667
SO46667
SO46667
SO46667
SO46667
SO46667
SO46667
SO46667
SO46668
SO46668
SO46668
SO46668
SO46668
SO46668
SO46668
SO46668
SO46668
SO46668
SO46668
SO46668
SO46668
SO46668
SO46668
SO46668
SO46668
SO46668
SO46668
SO46668
SO46668
SO46668
SO46668
SO46668
SO46668
SO46668
SO46668
SO46668
SO46668
SO46668
SO46668
SO46668
SO46668
SO46668
SO46668
SO46668
SO46668
SO46668
SO46668
SO46668
SO46668
SO46668
SO46668
SO46668
SO46668
SO46668
SO46668
SO46668
SO46668
SO46668
SO46668
SO46668
SO46668
SO46669
SO46669
SO46669
SO46669
SO46669
SO46669
SO46669
SO46669
SO46669
SO46669
SO46669
SO46669
SO46669
SO46669
SO46669
SO46669
SO46669
SO46669
SO46669
SO46669
SO46669
SO46669
SO46669
SO46669
SO46669
SO46669
SO46669
SO46669
SO46669
SO46669
SO46669
SO46669
SO46669
SO46669
SO46669
SO46669
SO46669
SO46669
SO46669
SO46669
SO46669
SO46669
SO46669
SO46669
SO46669
SO46669
SO46669
SO46669
SO46669
SO46669
SO46669
SO46669
SO46669
SO46669
SO46669
SO46669
SO46669
SO46670
SO46670
SO46670
SO46671
SO46671
SO46671
SO46671
SO46671
SO46671
SO46671
SO46671
SO46671
SO46671
SO46671
SO46671
SO46671
SO46671
SO46671
SO46671
SO46671
SO46671
SO46671
SO46671
SO46671
SO46671
SO46671
SO46671
SO46671
SO46671
SO46671
SO46671
SO46671
SO46671
SO46671
SO46671
SO46671
SO46671
SO46671
SO46671
SO46671
SO46671
SO46671
SO46671
SO46671
SO46671
SO46671
SO46671
SO46671
SO46671
SO46671
SO46671
SO46672
SO46672
SO46672
SO46672
SO46672
SO46672
SO46672
SO46672
SO46672
SO46672
SO46672
SO46672
SO46672
SO46672
SO46672
SO46672
SO46672
SO46672
SO46672
SO46672
SO46672
SO46672
SO46672
SO46672
SO46672
SO46672
SO46672
SO46672
SO46672
SO46672
SO46672
SO46672
SO46672
SO46672
SO46672
SO46672
SO46672
SO46672
SO46672
SO46672
SO46672
SO46672
SO46672
SO46672
SO46672
SO46672
SO46672
SO46672
SO46672
SO46672
SO46672
SO46672
SO46672
SO46672
SO46672
SO46673
SO46673
SO46673
SO46673
SO46673
SO46673
SO46673
SO46673
SO46673
SO46673
SO46673
SO46673
SO46673
SO46673
SO46673
SO46673
SO46673
SO46673
SO46673
SO46673
SO46673
SO46673
SO46673
SO46673
SO46673
SO46673
SO46673
SO46673
SO46673
SO46673
SO46673
SO46673
SO46673
SO46673
SO46673
SO46673
SO46674
SO46675
SO46675
SO46675
SO46675
SO46675
SO46675
SO46675
SO46675
SO46675
SO46675
SO46675
SO46675
SO46675
SO46675
SO46675
SO46675
SO46929
SO46930
SO46930
SO46930
SO46930
SO46930
SO46930
SO46930
SO46930
SO46930
SO46930
SO46930
SO46930
SO46930
SO46930
SO46930
SO46930
SO46930
SO46930
SO46930
SO46930
SO46930
SO46931
SO46931
SO46931
SO46931
SO46931
SO46931
SO46931
SO46931
SO46931
SO46931
SO46931
SO46931
SO46931
SO46931
SO46931
SO46931
SO46931
SO46931
SO46931
SO46931
SO46931
SO46931
SO46931
SO46931
SO46931
SO46931
SO46931
SO46931
SO46931
SO46931
SO46932
SO46932
SO46932
SO46932
SO46932
SO46932
SO46932
SO46932
SO46932
SO46933
SO46933
SO46933
SO46933
SO46933
SO46933
SO46933
SO46933
SO46933
SO46933
SO46933
SO46933
SO46933
SO46933
SO46933
SO46933
SO46933
SO46933
SO46933
SO46933
SO46933
SO46933
SO46933
SO46933
SO46933
SO46933
SO46933
SO46933
SO46933
SO46933
SO46933
SO46933
SO46933
SO46933
SO46933
SO46933
SO46933
SO46933
SO46934
SO46935
SO46935
SO46935
SO46936
SO46936
SO46936
SO46936
SO46936
SO46936
SO46936
SO46936
SO46936
SO46936
SO46936
SO46936
SO46936
SO46936
SO46936
SO46936
SO46936
SO46936
SO46936
SO46936
SO46936
SO46936
SO46937
SO46938
SO46938
SO46938
SO46938
SO46938
SO46938
SO46938
SO46938
SO46938
SO46938
SO46938
SO46938
SO46938
SO46938
SO46938
SO46938
SO46938
SO46938
SO46938
SO46938
SO46938
SO46938
SO46938
SO46938
SO46938
SO46938
SO46938
SO46938
SO46938
SO46938
SO46938
SO46939
SO46940
SO46940
SO46940
SO46940
SO46940
SO46940
SO46940
SO46940
SO46940
SO46940
SO46940
SO46940
SO46940
SO46940
SO46940
SO46940
SO46940
SO46940
SO46940
SO46940
SO46940
SO46940
SO46940
SO46940
SO46940
SO46940
SO46940
SO46940
SO46940
SO46940
SO46940
SO46940
SO46940
SO46940
SO46940
SO46940
SO46940
SO46940
SO46940
SO46940
SO46940
SO46940
SO46940
SO46940
SO46940
SO46940
SO46940
SO46940
SO46940
SO46940
SO46940
SO46940
SO46940
SO46940
SO46940
SO46940
SO46941
SO46941
SO46941
SO46941
SO46941
SO46941
SO46941
SO46941
SO46941
SO46941
SO46942
SO46942
SO46942
SO46942
SO46942
SO46942
SO46942
SO46942
SO46942
SO46942
SO46942
SO46942
SO46942
SO46942
SO46942
SO46942
SO46942
SO46943
SO46943
SO46943
SO46943
SO46943
SO46943
SO46943
SO46943
SO46943
SO46943
SO46943
SO46943
SO46943
SO46943
SO46944
SO46944
SO46944
SO46944
SO46944
SO46944
SO46944
SO46944
SO46944
SO46944
SO46944
SO46944
SO46944
SO46944
SO46944
SO46944
SO46944
SO46944
SO46944
SO46944
SO46944
SO46944
SO46944
SO46944
SO46944
SO46944
SO46944
SO46944
SO46945
SO46945
SO46946
SO46947
SO46947
SO46947
SO46947
SO46947
SO46947
SO46947
SO46947
SO46947
SO46947
SO46947
SO46947
SO46947
SO46947
SO46947
SO46947
SO46947
SO46947
SO46947
SO46947
SO46947
SO46948
SO46948
SO46948
SO46948
SO46948
SO46948
SO46948
SO46948
SO46948
SO46948
SO46948
SO46948
SO46948
SO46948
SO46948
SO46948
SO46948
SO46948
SO46948
SO46948
SO46948
SO46948
SO46948
SO46948
SO46948
SO46948
SO46948
SO46948
SO46948
SO46948
SO46948
SO46948
SO46948
SO46948
SO46948
SO46948
SO46948
SO46948
SO46948
SO46948
SO46948
SO46948
SO46948
SO46948
SO46948
SO46948
SO46948
SO46948
SO46948
SO46948
SO46948
SO46948
SO46948
SO46948
SO46949
SO46949
SO46949
SO46949
SO46949
SO46950
SO46950
SO46950
SO46950
SO46950
SO46950
SO46950
SO46950
SO46950
SO46950
SO46950
SO46950
SO46950
SO46950
SO46950
SO46950
SO46950
SO46950
SO46950
SO46950
SO46951
SO46951
SO46951
SO46951
SO46951
SO46951
SO46951
SO46951
SO46951
SO46951
SO46951
SO46951
SO46951
SO46952
SO46953
SO46953
SO46953
SO46953
SO46953
SO46953
SO46953
SO46953
SO46953
SO46953
SO46953
SO46953
SO46953
SO46953
SO46953
SO46953
SO46953
SO46953
SO46953
SO46953
SO46953
SO46953
SO46953
SO46953
SO46953
SO46953
SO46953
SO46953
SO46953
SO46953
SO46953
SO46953
SO46953
SO46953
SO46953
SO46953
SO46953
SO46953
SO46953
SO46953
SO46953
SO46953
SO46954
SO46954
SO46954
SO46955
SO46955
SO46955
SO46955
SO46955
SO46955
SO46955
SO46955
SO46955
SO46955
SO46956
SO46956
SO46956
SO46956
SO46956
SO46956
SO46956
SO46956
SO46956
SO46956
SO46956
SO46956
SO46956
SO46957
SO46957
SO46957
SO46957
SO46957
SO46957
SO46957
SO46957
SO46957
SO46957
SO46957
SO46957
SO46957
SO46957
SO46957
SO46957
SO46957
SO46957
SO46957
SO46957
SO46957
SO46957
SO46957
SO46957
SO46957
SO46957
SO46957
SO46957
SO46957
SO46957
SO46957
SO46957
SO46957
SO46957
SO46957
SO46957
SO46957
SO46957
SO46957
SO46957
SO46957
SO46957
SO46957
SO46957
SO46957
SO46957
SO46957
SO46957
SO46957
SO46957
SO46957
SO46957
SO46957
SO46957
SO46957
SO46957
SO46958
SO46959
SO46959
SO46959
SO46959
SO46959
SO46959
SO46959
SO46959
SO46959
SO46959
SO46959
SO46959
SO46959
SO46959
SO46959
SO46959
SO46959
SO46959
SO46959
SO46959
SO46959
SO46959
SO46959
SO46959
SO46959
SO46959
SO46959
SO46959
SO46959
SO46959
SO46959
SO46959
SO46959
SO46959
SO46959
SO46959
SO46959
SO46959
SO46959
SO46959
SO46959
SO46959
SO46959
SO46959
SO46959
SO46959
SO46959
SO46959
SO46959
SO46959
SO46959
SO46959
SO46959
SO46959
SO46959
SO46959
SO46959
SO46959
SO46959
SO46960
SO46960
SO46960
SO46960
SO46960
SO46960
SO46960
SO46960
SO46960
SO46960
SO46960
SO46960
SO46960
SO46960
SO46960
SO46960
SO46960
SO46960
SO46960
SO46960
SO46961
SO46962
SO46963
SO46964
SO46964
SO46964
SO46964
SO46964
SO46964
SO46964
SO46964
SO46964
SO46964
SO46964
SO46964
SO46964
SO46964
SO46964
SO46964
SO46964
SO46964
SO46964
SO46964
SO46964
SO46964
SO46964
SO46964
SO46964
SO46964
SO46964
SO46964
SO46964
SO46964
SO46964
SO46964
SO46964
SO46964
SO46964
SO46964
SO46964
SO46964
SO46964
SO46964
SO46964
SO46964
SO46964
SO46964
SO46964
SO46964
SO46964
SO46964
SO46964
SO46964
SO46964
SO46964
SO46964
SO46964
SO46964
SO46964
SO46965
SO46965
SO46965
SO46965
SO46965
SO46965
SO46965
SO46965
SO46965
SO46965
SO46965
SO46965
SO46965
SO46965
SO46965
SO46965
SO46965
SO46965
SO46965
SO46965
SO46966
SO46966
SO46966
SO46966
SO46966
SO46966
SO46966
SO46966
SO46966
SO46966
SO46966
SO46966
SO46966
SO46966
SO46966
SO46966
SO46966
SO46966
SO46966
SO46966
SO46966
SO46967
SO46967
SO46967
SO46967
SO46967
SO46967
SO46967
SO46967
SO46967
SO46967
SO46967
SO46967
SO46967
SO46967
SO46967
SO46967
SO46967
SO46967
SO46967
SO46967
SO46967
SO46967
SO46967
SO46967
SO46967
SO46967
SO46967
SO46967
SO46967
SO46967
SO46967
SO46967
SO46967
SO46967
SO46967
SO46967
SO46967
SO46967
SO46967
SO46967
SO46967
SO46967
SO46967
SO46967
SO46967
SO46967
SO46967
SO46967
SO46967
SO46967
SO46967
SO46968
SO46968
SO46968
SO46968
SO46968
SO46968
SO46968
SO46968
SO46968
SO46968
SO46968
SO46968
SO46968
SO46968
SO46968
SO46968
SO46968
SO46968
SO46968
SO46968
SO46968
SO46968
SO46969
SO46969
SO46969
SO46969
SO46969
SO46969
SO46969
SO46969
SO46969
SO46969
SO46969
SO46969
SO46969
SO46969
SO46969
SO46969
SO46969
SO46969
SO46969
SO46969
SO46969
SO46969
SO46969
SO46969
SO46969
SO46969
SO46969
SO46969
SO46969
SO46969
SO46969
SO46969
SO46970
SO46970
SO46970
SO46970
SO46970
SO46970
SO46970
SO46970
SO46970
SO46970
SO46970
SO46970
SO46970
SO46970
SO46970
SO46970
SO46970
SO46970
SO46970
SO46970
SO46970
SO46970
SO46970
SO46970
SO46970
SO46970
SO46970
SO46970
SO46970
SO46970
SO46970
SO46970
SO46970
SO46970
SO46970
SO46970
SO46970
SO46970
SO46970
SO46970
SO46971
SO46971
SO46971
SO46971
SO46971
SO46971
SO46971
SO46971
SO46971
SO46971
SO46971
SO46971
SO46971
SO46971
SO46971
SO46971
SO46971
SO46971
SO46972
SO46972
SO46972
SO46972
SO46972
SO46972
SO46972
SO46972
SO46972
SO46972
SO46972
SO46972
SO46972
SO46972
SO46972
SO46972
SO46972
SO46972
SO46972
SO46972
SO46972
SO46972
SO46972
SO46972
SO46972
SO46972
SO46972
SO46972
SO46972
SO46972
SO46972
SO46972
SO46972
SO46973
SO46973
SO46973
SO46973
SO46973
SO46973
SO46973
SO46973
SO46973
SO46974
SO46974
SO46974
SO46974
SO46974
SO46974
SO46974
SO46974
SO46974
SO46974
SO46974
SO46974
SO46974
SO46974
SO46974
SO46974
SO46974
SO46974
SO46974
SO46974
SO46974
SO46974
SO46974
SO46974
SO46974
SO46974
SO46974
SO46974
SO46974
SO46974
SO46974
SO46974
SO46974
SO46974
SO46974
SO46974
SO46974
SO46974
SO46974
SO46974
SO46974
SO46974
SO46974
SO46974
SO46974
SO46974
SO46974
SO46974
SO46974
SO46974
SO46974
SO46974
SO46974
SO46974
SO46975
SO46976
SO46976
SO46976
SO46976
SO46976
SO46976
SO46976
SO46976
SO46976
SO46976
SO46976
SO46976
SO46976
SO46976
SO46976
SO46976
SO46976
SO46977
SO46977
SO46977
SO46977
SO46977
SO46978
SO46979
SO46979
SO46979
SO46979
SO46979
SO46979
SO46979
SO46979
SO46979
SO46979
SO46979
SO46979
SO46979
SO46980
SO46980
SO46980
SO46980
SO46980
SO46980
SO46980
SO46980
SO46980
SO46980
SO46980
SO46980
SO46980
SO46980
SO46980
SO46980
SO46980
SO46980
SO46980
SO46980
SO46980
SO46980
SO46980
SO46980
SO46980
SO46980
SO46980
SO46980
SO46980
SO46980
SO46980
SO46980
SO46980
SO46980
SO46980
SO46980
SO46980
SO46981
SO46981
SO46981
SO46981
SO46981
SO46981
SO46981
SO46981
SO46981
SO46981
SO46981
SO46981
SO46981
SO46981
SO46981
SO46981
SO46981
SO46981
SO46981
SO46981
SO46981
SO46981
SO46981
SO46981
SO46981
SO46981
SO46981
SO46981
SO46981
SO46981
SO46981
SO46981
SO46981
SO46981
SO46981
SO46981
SO46981
SO46981
SO46981
SO46981
SO46981
SO46981
SO46981
SO46981
SO46981
SO46981
SO46981
SO46981
SO46981
SO46981
SO46981
SO46981
SO46981
SO46981
SO46981
SO46981
SO46981
SO46981
SO46981
SO46981
SO46981
SO46981
SO46981
SO46981
SO46981
SO46982
SO46983
SO46983
SO46983
SO46983
SO46983
SO46983
SO46983
SO46983
SO46983
SO46984
SO46984
SO46984
SO46984
SO46984
SO46984
SO46984
SO46984
SO46984
SO46984
SO46984
SO46984
SO46984
SO46984
SO46984
SO46984
SO46985
SO46985
SO46985
SO46985
SO46985
SO46985
SO46985
SO46985
SO46985
SO46985
SO46985
SO46985
SO46985
SO46985
SO46985
SO46986
SO46986
SO46986
SO46986
SO46986
SO46986
SO46986
SO46986
SO46987
SO46987
SO46987
SO46987
SO46987
SO46987
SO46987
SO46987
SO46987
SO46987
SO46987
SO46987
SO46987
SO46987
SO46987
SO46987
SO46987
SO46987
SO46987
SO46987
SO46987
SO46987
SO46987
SO46987
SO46987
SO46987
SO46987
SO46987
SO46987
SO46987
SO46987
SO46987
SO46987
SO46987
SO46987
SO46987
SO46987
SO46987
SO46987
SO46987
SO46987
SO46987
SO46987
SO46987
SO46987
SO46987
SO46987
SO46987
SO46987
SO46987
SO46987
SO46987
SO46987
SO46987
SO46987
SO46987
SO46988
SO46988
SO46988
SO46988
SO46988
SO46988
SO46988
SO46988
SO46988
SO46988
SO46988
SO46988
SO46988
SO46988
SO46988
SO46988
SO46988
SO46988
SO46988
SO46988
SO46988
SO46988
SO46988
SO46988
SO46988
SO46988
SO46988
SO46988
SO46988
SO46988
SO46988
SO46988
SO46988
SO46988
SO46988
SO46988
SO46988
SO46988
SO46988
SO46988
SO46988
SO46988
SO46988
SO46988
SO46988
SO46988
SO46988
SO46988
SO46988
SO46988
SO46988
SO46988
SO46988
SO46988
SO46988
SO46988
SO46988
SO46988
SO46988
SO46989
SO46990
SO46990
SO46991
SO46991
SO46991
SO46991
SO46991
SO46991
SO46991
SO46991
SO46991
SO46991
SO46991
SO46991
SO46991
SO46991
SO46991
SO46991
SO46991
SO46992
SO46992
SO46992
SO46992
SO46992
SO46992
SO46992
SO46992
SO46992
SO46992
SO46992
SO46992
SO46992
SO46992
SO46992
SO46992
SO46992
SO46992
SO46992
SO46992
SO46992
SO46992
SO46992
SO46992
SO46992
SO46992
SO46992
SO46992
SO46992
SO46992
SO46992
SO46992
SO46992
SO46992
SO46992
SO46992
SO46992
SO46992
SO46992
SO46992
SO46992
SO46992
SO46992
SO46992
SO46992
SO46992
SO46992
SO46992
SO46992
SO46992
SO46993
SO46993
SO46993
SO46993
SO46993
SO46993
SO46993
SO46993
SO46993
SO46993
SO46993
SO46993
SO46993
SO46993
SO46993
SO46993
SO46993
SO46993
SO46993
SO46993
SO46993
SO46993
SO46993
SO46993
SO46993
SO46993
SO46993
SO46993
SO46993
SO46993
SO46993
SO46993
SO46993
SO46993
SO46993
SO46993
SO46993
SO46993
SO46993
SO46993
SO46993
SO46993
SO46993
SO46993
SO46993
SO46993
SO46993
SO46993
SO46993
SO46993
SO46993
SO46993
SO46993
SO46993
SO46994
SO46994
SO46994
SO46994
SO46994
SO46994
SO46994
SO46994
SO46994
SO46994
SO46994
SO46994
SO46994
SO46994
SO46994
SO46994
SO46994
SO46994
SO46994
SO46994
SO46994
SO46994
SO46994
SO46994
SO46994
SO46994
SO46994
SO46994
SO46994
SO46994
SO46994
SO46994
SO46994
SO46994
SO46994
SO46995
SO46995
SO46995
SO46995
SO46995
SO46995
SO46995
SO46995
SO46995
SO46995
SO46995
SO46996
SO46996
SO46996
SO46996
SO46996
SO46996
SO46996
SO46996
SO46996
SO46996
SO46996
SO46996
SO46996
SO46996
SO46996
SO46996
SO46996
SO46996
SO46996
SO46996
SO46996
SO46996
SO46996
SO46996
SO46996
SO46996
SO46996
SO46996
SO46996
SO46996
SO46996
SO46996
SO46996
SO46996
SO46996
SO46996
SO46996
SO46996
SO46996
SO46996
SO46997
SO46997
SO46997
SO46997
SO46997
SO46997
SO46997
SO46997
SO46997
SO46997
SO46997
SO46997
SO46997
SO46997
SO46997
SO46997
SO46997
SO46997
SO46997
SO46997
SO46997
SO46997
SO46997
SO46997
SO46997
SO46997
SO46997
SO46997
SO46998
SO46999
SO46999
SO47000
SO47000
SO47000
SO47000
SO47000
SO47000
SO47000
SO47000
SO47000
SO47000
SO47001
SO47001
SO47001
SO47001
SO47001
SO47001
SO47001
SO47001
SO47001
SO47001
SO47001
SO47001
SO47001
SO47001
SO47001
SO47001
SO47001
SO47001
SO47001
SO47001
SO47001
SO47001
SO47001
SO47001
SO47001
SO47001
SO47001
SO47001
SO47001
SO47001
SO47001
SO47001
SO47001
SO47001
SO47001
SO47001
SO47001
SO47001
SO47001
SO47002
SO47002
SO47002
SO47002
SO47002
SO47002
SO47002
SO47002
SO47002
SO47002
SO47002
SO47003
SO47003
SO47003
SO47003
SO47003
SO47003
SO47003
SO47003
SO47003
SO47003
SO47003
SO47003
SO47003
SO47003
SO47003
SO47003
SO47003
SO47003
SO47003
SO47004
SO47004
SO47004
SO47004
SO47004
SO47004
SO47004
SO47004
SO47004
SO47004
SO47004
SO47004
SO47004
SO47004
SO47004
SO47004
SO47004
SO47004
SO47004
SO47004
SO47004
SO47004
SO47004
SO47004
SO47004
SO47004
SO47004
SO47004
SO47004
SO47004
SO47004
SO47004
SO47004
SO47004
SO47004
SO47004
SO47004
SO47004
SO47004
SO47004
SO47004
SO47004
SO47004
SO47004
SO47004
SO47004
SO47004
SO47004
SO47004
SO47004
SO47004
SO47005
SO47005
SO47006
SO47006
SO47006
SO47006
SO47006
SO47006
SO47006
SO47006
SO47006
SO47006
SO47006
SO47006
SO47006
SO47006
SO47006
SO47006
SO47006
SO47006
SO47006
SO47006
SO47006
SO47006
SO47006
SO47006
SO47006
SO47006
SO47006
SO47006
SO47006
SO47006
SO47006
SO47006
SO47006
SO47006
SO47006
SO47006
SO47007
SO47007
SO47007
SO47007
SO47008
SO47008
SO47008
SO47008
SO47008
SO47008
SO47008
SO47008
SO47008
SO47008
SO47008
SO47008
SO47008
SO47008
SO47008
SO47008
SO47008
SO47008
SO47008
SO47008
SO47008
SO47008
SO47008
SO47008
SO47008
SO47008
SO47008
SO47008
SO47008
SO47008
SO47008
SO47008
SO47008
SO47008
SO47008
SO47008
SO47008
SO47008
SO47008
SO47008
SO47008
SO47008
SO47008
SO47008
SO47008
SO47008
SO47008
SO47008
SO47008
SO47008
SO47009
SO47009
SO47009
SO47009
SO47009
SO47009
SO47009
SO47009
SO47009
SO47009
SO47009
SO47009
SO47009
SO47009
SO47009
SO47009
SO47009
SO47009
SO47009
SO47009
SO47009
SO47009
SO47009
SO47009
SO47009
SO47009
SO47009
SO47009
SO47009
SO47009
SO47009
SO47009
SO47009
SO47009
SO47009
SO47009
SO47009
SO47009
SO47009
SO47009
SO47009
SO47009
SO47009
SO47009
SO47009
SO47009
SO47009
SO47009
SO47010
SO47011
SO47011
SO47011
SO47011
SO47011
SO47011
SO47011
SO47011
SO47011
SO47011
SO47011
SO47011
SO47011
SO47011
SO47011
SO47011
SO47012
SO47012
SO47012
SO47012
SO47012
SO47012
SO47012
SO47012
SO47012
SO47012
SO47012
SO47012
SO47012
SO47012
SO47012
SO47012
SO47012
SO47012
SO47012
SO47012
SO47012
SO47012
SO47012
SO47012
SO47012
SO47012
SO47012
SO47012
SO47012
SO47012
SO47012
SO47012
SO47012
SO47012
SO47012
SO47012
SO47012
SO47012
SO47012
SO47012
SO47012
SO47012
SO47012
SO47013
SO47013
SO47013
SO47013
SO47013
SO47013
SO47013
SO47013
SO47013
SO47013
SO47013
SO47013
SO47013
SO47013
SO47013
SO47013
SO47013
SO47014
SO47014
SO47015
SO47015
SO47015
SO47015
SO47015
SO47015
SO47015
SO47015
SO47015
SO47015
SO47015
SO47015
SO47015
SO47015
SO47015
SO47015
SO47015
SO47015
SO47015
SO47015
SO47015
SO47016
SO47016
SO47016
SO47016
SO47016
SO47016
SO47016
SO47016
SO47017
SO47018
SO47018
SO47018
SO47018
SO47018
SO47018
SO47018
SO47018
SO47018
SO47018
SO47018
SO47018
SO47018
SO47018
SO47018
SO47018
SO47018
SO47018
SO47018
SO47018
SO47018
SO47018
SO47018
SO47018
SO47018
SO47018
SO47018
SO47018
SO47018
SO47018
SO47018
SO47018
SO47018
SO47018
SO47018
SO47018
SO47018
SO47018
SO47018
SO47018
SO47018
SO47018
SO47018
SO47018
SO47018
SO47018
SO47018
SO47018
SO47018
SO47018
SO47018
SO47018
SO47018
SO47018
SO47018
SO47018
SO47018
SO47019
SO47019
SO47019
SO47019
SO47019
SO47019
SO47020
SO47020
SO47021
SO47021
SO47021
SO47021
SO47021
SO47021
SO47021
SO47021
SO47021
SO47021
SO47022
SO47023
SO47024
SO47024
SO47024
SO47024
SO47024
SO47024
SO47024
SO47024
SO47024
SO47024
SO47024
SO47024
SO47024
SO47024
SO47024
SO47024
SO47024
SO47024
SO47024
SO47024
SO47024
SO47024
SO47024
SO47024
SO47024
SO47024
SO47024
SO47024
SO47024
SO47024
SO47024
SO47025
SO47025
SO47025
SO47025
SO47025
SO47025
SO47025
SO47025
SO47025
SO47025
SO47025
SO47025
SO47025
SO47025
SO47025
SO47025
SO47026
SO47026
SO47026
SO47026
SO47026
SO47026
SO47026
SO47026
SO47026
SO47026
SO47026
SO47026
SO47026
SO47026
SO47026
SO47026
SO47026
SO47026
SO47026
SO47026
SO47026
SO47026
SO47027
SO47027
SO47027
SO47027
SO47027
SO47027
SO47027
SO47027
SO47027
SO47027
SO47027
SO47027
SO47027
SO47027
SO47027
SO47027
SO47027
SO47027
SO47027
SO47027
SO47027
SO47027
SO47027
SO47027
SO47027
SO47027
SO47027
SO47027
SO47027
SO47027
SO47027
SO47027
SO47027
SO47027
SO47027
SO47027
SO47027
SO47027
SO47027
SO47027
SO47027
SO47027
SO47027
SO47027
SO47027
SO47027
SO47027
SO47027
SO47027
SO47027
SO47027
SO47027
SO47027
SO47027
SO47027
SO47027
SO47027
SO47027
SO47028
SO47028
SO47028
SO47028
SO47028
SO47028
SO47028
SO47028
SO47028
SO47028
SO47028
SO47028
SO47028
SO47028
SO47028
SO47028
SO47028
SO47028
SO47028
SO47028
SO47028
SO47028
SO47028
SO47028
SO47028
SO47028
SO47028
SO47028
SO47028
SO47028
SO47028
SO47028
SO47028
SO47028
SO47028
SO47028
SO47028
SO47028
SO47028
SO47029
SO47030
SO47030
SO47031
SO47031
SO47031
SO47031
SO47031
SO47031
SO47031
SO47031
SO47031
SO47031
SO47031
SO47031
SO47031
SO47031
SO47031
SO47031
SO47031
SO47031
SO47031
SO47031
SO47031
SO47031
SO47031
SO47031
SO47031
SO47031
SO47031
SO47031
SO47031
SO47031
SO47031
SO47031
SO47031
SO47031
SO47031
SO47031
SO47031
SO47032
SO47032
SO47032
SO47032
SO47032
SO47032
SO47032
SO47032
SO47032
SO47032
SO47032
SO47032
SO47032
SO47032
SO47033
SO47033
SO47033
SO47033
SO47033
SO47033
SO47033
SO47033
SO47033
SO47033
SO47033
SO47033
SO47033
SO47033
SO47033
SO47033
SO47033
SO47033
SO47033
SO47033
SO47033
SO47033
SO47033
SO47033
SO47033
SO47033
SO47033
SO47033
SO47033
SO47033
SO47033
SO47033
SO47033
SO47033
SO47033
SO47033
SO47033
SO47033
SO47033
SO47033
SO47033
SO47033
SO47033
SO47033
SO47033
SO47033
SO47033
SO47033
SO47033
SO47033
SO47033
SO47033
SO47033
SO47033
SO47033
SO47033
SO47033
SO47033
SO47034
SO47034
SO47034
SO47034
SO47034
SO47034
SO47034
SO47034
SO47034
SO47034
SO47034
SO47034
SO47034
SO47034
SO47034
SO47034
SO47034
SO47034
SO47034
SO47034
SO47034
SO47034
SO47034
SO47034
SO47034
SO47034
SO47034
SO47034
SO47034
SO47034
SO47034
SO47034
SO47034
SO47034
SO47034
SO47034
SO47034
SO47034
SO47034
SO47035
SO47035
SO47035
SO47036
SO47036
SO47037
SO47037
SO47037
SO47037
SO47037
SO47037
SO47037
SO47037
SO47037
SO47037
SO47037
SO47037
SO47037
SO47037
SO47037
SO47037
SO47037
SO47037
SO47037
SO47037
SO47037
SO47037
SO47037
SO47037
SO47037
SO47037
SO47037
SO47037
SO47037
SO47037
SO47037
SO47037
SO47037
SO47037
SO47037
SO47037
SO47037
SO47037
SO47037
SO47037
SO47037
SO47037
SO47037
SO47037
SO47037
SO47037
SO47037
SO47037
SO47037
SO47037
SO47038
SO47039
SO47039
SO47039
SO47039
SO47039
SO47039
SO47039
SO47039
SO47039
SO47039
SO47039
SO47039
SO47039
SO47039
SO47039
SO47039
SO47039
SO47039
SO47039
SO47039
SO47039
SO47039
SO47040
SO47040
SO47040
SO47040
SO47040
SO47040
SO47040
SO47040
SO47040
SO47040
SO47040
SO47040
SO47040
SO47040
SO47040
SO47040
SO47040
SO47040
SO47040
SO47040
SO47040
SO47041
SO47041
SO47041
SO47041
SO47041
SO47041
SO47041
SO47041
SO47041
SO47041
SO47041
SO47041
SO47041
SO47041
SO47041
SO47041
SO47041
SO47041
SO47041
SO47041
SO47041
SO47041
SO47041
SO47041
SO47041
SO47041
SO47041
SO47041
SO47041
SO47041
SO47041
SO47041
SO47041
SO47041
SO47041
SO47041
SO47041
SO47041
SO47041
SO47041
SO47041
SO47041
SO47041
SO47041
SO47041
SO47041
SO47041
SO47041
SO47041
SO47041
SO47041
SO47041
SO47041
SO47042
SO47042
SO47042
SO47042
SO47042
SO47042
SO47042
SO47042
SO47042
SO47042
SO47042
SO47042
SO47042
SO47042
SO47042
SO47042
SO47042
SO47042
SO47042
SO47042
SO47042
SO47042
SO47042
SO47042
SO47042
SO47042
SO47042
SO47042
SO47042
SO47042
SO47042
SO47042
SO47042
SO47042
SO47042
SO47042
SO47042
SO47042
SO47042
SO47042
SO47042
SO47042
SO47042
SO47042
SO47042
SO47042
SO47042
SO47042
SO47042
SO47042
SO47042
SO47042
SO47042
SO47043
SO47044
SO47044
SO47045
SO47045
SO47045
SO47045
SO47045
SO47045
SO47045
SO47045
SO47045
SO47045
SO47045
SO47045
SO47045
SO47045
SO47045
SO47045
SO47045
SO47045
SO47045
SO47045
SO47045
SO47045
SO47045
SO47045
SO47045
SO47045
SO47045
SO47045
SO47045
SO47045
SO47045
SO47045
SO47045
SO47045
SO47045
SO47045
SO47045
SO47045
SO47045
SO47045
SO47045
SO47045
SO47045
SO47045
SO47046
SO47046
SO47046
SO47046
SO47047
SO47047
SO47047
SO47047
SO47047
SO47047
SO47047
SO47047
SO47047
SO47047
SO47047
SO47048
SO47049
SO47049
SO47049
SO47049
SO47049
SO47049
SO47049
SO47049
SO47049
SO47049
SO47049
SO47049
SO47049
SO47049
SO47049
SO47049
SO47049
SO47049
SO47049
SO47049
SO47049
SO47049
SO47049
SO47049
SO47049
SO47049
SO47049
SO47049
SO47049
SO47049
SO47049
SO47049
SO47049
SO47050
SO47050
SO47050
SO47050
SO47050
SO47050
SO47050
SO47050
SO47051
SO47052
SO47052
SO47052
SO47052
SO47052
SO47052
SO47052
SO47052
SO47052
SO47052
SO47052
SO47052
SO47052
SO47052
SO47052
SO47052
SO47052
SO47052
SO47052
SO47052
SO47052
SO47052
SO47052
SO47052
SO47052
SO47052
SO47052
SO47052
SO47052
SO47052
SO47052
SO47052
SO47052
SO47052
SO47052
SO47052
SO47052
SO47052
SO47052
SO47052
SO47052
SO47053
SO47053
SO47053
SO47053
SO47053
SO47053
SO47053
SO47053
SO47053
SO47053
SO47053
SO47053
SO47053
SO47053
SO47053
SO47053
SO47053
SO47053
SO47053
SO47053
SO47054
SO47054
SO47054
SO47054
SO47054
SO47054
SO47054
SO47054
SO47054
SO47054
SO47054
SO47054
SO47054
SO47054
SO47054
SO47054
SO47054
SO47054
SO47054
SO47054
SO47054
SO47054
SO47054
SO47054
SO47054
SO47054
SO47054
SO47054
SO47054
SO47054
SO47054
SO47054
SO47054
SO47054
SO47054
SO47054
SO47055
SO47055
SO47055
SO47055
SO47055
SO47055
SO47055
SO47055
SO47055
SO47055
SO47055
SO47055
SO47055
SO47055
SO47055
SO47055
SO47055
SO47055
SO47055
SO47055
SO47055
SO47055
SO47055
SO47055
SO47055
SO47055
SO47055
SO47055
SO47055
SO47055
SO47055
SO47055
SO47055
SO47055
SO47055
SO47055
SO47055
SO47055
SO47055
SO47055
SO47055
SO47055
SO47055
SO47056
SO47056
SO47056
SO47056
SO47056
SO47056
SO47056
SO47056
SO47056
SO47056
SO47056
SO47056
SO47056
SO47056
SO47056
SO47056
SO47056
SO47056
SO47056
SO47056
SO47056
SO47056
SO47056
SO47056
SO47056
SO47056
SO47056
SO47056
SO47056
SO47056
SO47056
SO47056
SO47056
SO47056
SO47056
SO47056
SO47056
SO47056
SO47056
SO47056
SO47056
SO47056
SO47056
SO47056
SO47056
SO47056
SO47056
SO47056
SO47056
SO47056
SO47056
SO47056
SO47056
SO47056
SO47056
SO47056
SO47056
SO47056
SO47057
SO47057
SO47057
SO47057
SO47057
SO47057
SO47057
SO47057
SO47057
SO47057
SO47057
SO47057
SO47057
SO47057
SO47057
SO47057
SO47057
SO47057
SO47057
SO47057
SO47058
SO47058
SO47058
SO47059
SO47060
SO47060
SO47060
SO47061
SO47061
SO47061
SO47061
SO47061
SO47061
SO47061
SO47061
SO47061
SO47061
SO47061
SO47061
SO47061
SO47061
SO47061
SO47061
SO47061
SO47061
SO47061
SO47061
SO47061
SO47061
SO47061
SO47061
SO47061
SO47062
SO47062
SO47062
SO47062
SO47062
SO47062
SO47062
SO47062
SO47062
SO47062
SO47062
SO47062
SO47062
SO47063
SO47064
SO47064
SO47065
SO47065
SO47065
SO47065
SO47065
SO47065
SO47065
SO47065
SO47065
SO47065
SO47065
SO47065
SO47065
SO47065
SO47065
SO47065
SO47065
SO47065
SO47065
SO47065
SO47065
SO47065
SO47065
SO47065
SO47065
SO47065
SO47065
SO47065
SO47065
SO47065
SO47065
SO47065
SO47065
SO47065
SO47065
SO47065
SO47065
SO47065
SO47065
SO47065
SO47065
SO47065
SO47066
SO47066
SO47066
SO47066
SO47066
SO47066
SO47066
SO47066
SO47066
SO47066
SO47066
SO47066
SO47066
SO47066
SO47066
SO47066
SO47066
SO47066
SO47066
SO47066
SO47066
SO47066
SO47066
SO47066
SO47066
SO47066
SO47066
SO47066
SO47066
SO47066
SO47066
SO47066
SO47066
SO47066
SO47066
SO47066
SO47066
SO47066
SO47066
SO47066
SO47067
SO47067
SO47067
SO47067
SO47067
SO47067
SO47067
SO47067
SO47067
SO47067
SO47067
SO47067
SO47067
SO47067
SO47067
SO47067
SO47067
SO47067
SO47067
SO47067
SO47067
SO47067
SO47067
SO47067
SO47067
SO47067
SO47349
SO47349
SO47350
SO47350
SO47350
SO47350
SO47350
SO47350
SO47350
SO47351
SO47351
SO47351
SO47351
SO47351
SO47351
SO47351
SO47351
SO47351
SO47351
SO47351
SO47351
SO47351
SO47351
SO47351
SO47351
SO47351
SO47351
SO47351
SO47351
SO47351
SO47351
SO47352
SO47352
SO47352
SO47352
SO47352
SO47352
SO47352
SO47352
SO47352
SO47352
SO47352
SO47352
SO47352
SO47352
SO47352
SO47352
SO47352
SO47352
SO47352
SO47352
SO47352
SO47352
SO47352
SO47352
SO47352
SO47352
SO47352
SO47352
SO47352
SO47352
SO47352
SO47352
SO47352
SO47352
SO47352
SO47353
SO47353
SO47353
SO47353
SO47353
SO47353
SO47353
SO47353
SO47353
SO47353
SO47353
SO47353
SO47353
SO47353
SO47353
SO47353
SO47353
SO47353
SO47353
SO47353
SO47353
SO47353
SO47353
SO47353
SO47354
SO47354
SO47354
SO47354
SO47354
SO47354
SO47354
SO47354
SO47354
SO47354
SO47354
SO47354
SO47354
SO47354
SO47354
SO47354
SO47354
SO47354
SO47354
SO47354
SO47354
SO47354
SO47354
SO47354
SO47354
SO47354
SO47354
SO47354
SO47354
SO47354
SO47354
SO47354
SO47354
SO47354
SO47354
SO47354
SO47354
SO47354
SO47354
SO47354
SO47354
SO47354
SO47354
SO47354
SO47354
SO47354
SO47354
SO47354
SO47354
SO47354
SO47354
SO47355
SO47355
SO47355
SO47355
SO47355
SO47355
SO47355
SO47355
SO47355
SO47355
SO47355
SO47355
SO47355
SO47355
SO47355
SO47355
SO47355
SO47355
SO47355
SO47355
SO47355
SO47355
SO47355
SO47355
SO47355
SO47355
SO47355
SO47355
SO47355
SO47355
SO47355
SO47355
SO47355
SO47355
SO47355
SO47355
SO47355
SO47355
SO47355
SO47355
SO47355
SO47355
SO47355
SO47355
SO47355
SO47355
SO47355
SO47355
SO47355
SO47355
SO47355
SO47355
SO47355
SO47355
SO47355
SO47355
SO47355
SO47355
SO47355
SO47355
SO47355
SO47355
SO47355
SO47355
SO47355
SO47355
SO47355
SO47355
SO47356
SO47356
SO47357
SO47357
SO47357
SO47357
SO47357
SO47357
SO47357
SO47357
SO47357
SO47357
SO47357
SO47357
SO47357
SO47357
SO47357
SO47357
SO47357
SO47357
SO47358
SO47358
SO47358
SO47358
SO47359
SO47359
SO47359
SO47359
SO47359
SO47359
SO47359
SO47359
SO47359
SO47359
SO47359
SO47359
SO47359
SO47359
SO47359
SO47359
SO47359
SO47359
SO47359
SO47359
SO47359
SO47359
SO47359
SO47359
SO47359
SO47359
SO47359
SO47359
SO47359
SO47359
SO47359
SO47359
SO47359
SO47359
SO47359
SO47359
SO47359
SO47359
SO47359
SO47359
SO47359
SO47359
SO47359
SO47359
SO47359
SO47359
SO47359
SO47359
SO47359
SO47359
SO47359
SO47360
SO47360
SO47360
SO47361
SO47361
SO47362
SO47362
SO47362
SO47362
SO47362
SO47362
SO47362
SO47362
SO47362
SO47362
SO47362
SO47362
SO47362
SO47363
SO47364
SO47365
SO47365
SO47365
SO47365
SO47365
SO47365
SO47365
SO47365
SO47365
SO47365
SO47365
SO47365
SO47365
SO47365
SO47365
SO47365
SO47365
SO47365
SO47365
SO47365
SO47365
SO47365
SO47365
SO47365
SO47365
SO47365
SO47365
SO47365
SO47365
SO47365
SO47365
SO47365
SO47365
SO47365
SO47365
SO47365
SO47365
SO47365
SO47365
SO47365
SO47365
SO47365
SO47365
SO47365
SO47365
SO47365
SO47365
SO47365
SO47365
SO47365
SO47365
SO47365
SO47365
SO47365
SO47365
SO47365
SO47365
SO47366
SO47366
SO47366
SO47366
SO47366
SO47366
SO47366
SO47366
SO47366
SO47366
SO47366
SO47366
SO47366
SO47366
SO47366
SO47366
SO47366
SO47366
SO47366
SO47366
SO47366
SO47366
SO47366
SO47366
SO47366
SO47366
SO47366
SO47366
SO47366
SO47366
SO47366
SO47366
SO47366
SO47366
SO47366
SO47366
SO47366
SO47366
SO47366
SO47366
SO47366
SO47366
SO47366
SO47366
SO47366
SO47366
SO47366
SO47366
SO47366
SO47366
SO47366
SO47366
SO47366
SO47366
SO47366
SO47366
SO47366
SO47366
SO47366
SO47366
SO47367
SO47367
SO47367
SO47367
SO47367
SO47367
SO47367
SO47367
SO47367
SO47367
SO47367
SO47367
SO47367
SO47367
SO47367
SO47367
SO47367
SO47367
SO47368
SO47368
SO47368
SO47368
SO47368
SO47368
SO47368
SO47368
SO47368
SO47368
SO47368
SO47368
SO47368
SO47368
SO47368
SO47368
SO47368
SO47368
SO47368
SO47368
SO47369
SO47369
SO47369
SO47369
SO47369
SO47369
SO47369
SO47369
SO47369
SO47369
SO47369
SO47369
SO47369
SO47369
SO47369
SO47369
SO47369
SO47369
SO47369
SO47369
SO47369
SO47369
SO47369
SO47369
SO47369
SO47369
SO47369
SO47369
SO47369
SO47369
SO47369
SO47369
SO47369
SO47369
SO47369
SO47369
SO47369
SO47369
SO47369
SO47369
SO47369
SO47369
SO47369
SO47369
SO47369
SO47369
SO47369
SO47369
SO47369
SO47369
SO47369
SO47369
SO47369
SO47369
SO47369
SO47369
SO47369
SO47369
SO47369
SO47369
SO47369
SO47369
SO47369
SO47369
SO47369
SO47370
SO47371
SO47371
SO47372
SO47372
SO47372
SO47372
SO47372
SO47372
SO47372
SO47372
SO47372
SO47372
SO47372
SO47372
SO47372
SO47372
SO47372
SO47372
SO47372
SO47372
SO47373
SO47373
SO47373
SO47373
SO47374
SO47374
SO47374
SO47374
SO47374
SO47374
SO47374
SO47374
SO47374
SO47374
SO47374
SO47374
SO47374
SO47374
SO47374
SO47374
SO47374
SO47374
SO47374
SO47374
SO47374
SO47374
SO47375
SO47376
SO47376
SO47377
SO47377
SO47377
SO47377
SO47377
SO47377
SO47377
SO47377
SO47377
SO47377
SO47377
SO47377
SO47377
SO47377
SO47377
SO47377
SO47377
SO47377
SO47377
SO47377
SO47377
SO47377
SO47377
SO47377
SO47377
SO47377
SO47377
SO47377
SO47377
SO47377
SO47377
SO47377
SO47377
SO47377
SO47377
SO47377
SO47377
SO47377
SO47377
SO47377
SO47378
SO47378
SO47378
SO47378
SO47378
SO47378
SO47378
SO47378
SO47378
SO47378
SO47378
SO47378
SO47378
SO47378
SO47378
SO47378
SO47378
SO47378
SO47378
SO47378
SO47378
SO47378
SO47378
SO47378
SO47378
SO47378
SO47378
SO47378
SO47378
SO47378
SO47378
SO47378
SO47378
SO47378
SO47378
SO47379
SO47380
SO47380
SO47380
SO47380
SO47380
SO47380
SO47380
SO47380
SO47380
SO47380
SO47380
SO47380
SO47380
SO47380
SO47380
SO47380
SO47380
SO47380
SO47380
SO47380
SO47380
SO47380
SO47380
SO47380
SO47380
SO47380
SO47380
SO47380
SO47380
SO47380
SO47380
SO47380
SO47380
SO47380
SO47380
SO47380
SO47381
SO47381
SO47382
SO47383
SO47383
SO47383
SO47383
SO47383
SO47383
SO47383
SO47383
SO47383
SO47383
SO47383
SO47383
SO47383
SO47383
SO47384
SO47384
SO47384
SO47384
SO47384
SO47384
SO47384
SO47384
SO47384
SO47384
SO47384
SO47384
SO47384
SO47384
SO47384
SO47384
SO47384
SO47384
SO47384
SO47384
SO47384
SO47384
SO47384
SO47384
SO47384
SO47384
SO47384
SO47384
SO47384
SO47384
SO47384
SO47384
SO47384
SO47384
SO47384
SO47384
SO47384
SO47384
SO47384
SO47384
SO47384
SO47384
SO47384
SO47384
SO47384
SO47384
SO47384
SO47384
SO47384
SO47385
SO47385
SO47385
SO47385
SO47386
SO47386
SO47386
SO47386
SO47386
SO47386
SO47386
SO47386
SO47387
SO47387
SO47387
SO47387
SO47387
SO47387
SO47387
SO47387
SO47387
SO47387
SO47387
SO47387
SO47387
SO47387
SO47387
SO47387
SO47387
SO47387
SO47387
SO47387
SO47387
SO47387
SO47387
SO47387
SO47387
SO47387
SO47387
SO47387
SO47387
SO47387
SO47387
SO47388
SO47389
SO47389
SO47389
SO47389
SO47390
SO47391
SO47391
SO47391
SO47391
SO47391
SO47391
SO47391
SO47391
SO47391
SO47391
SO47391
SO47391
SO47391
SO47391
SO47391
SO47391
SO47391
SO47391
SO47391
SO47391
SO47391
SO47391
SO47391
SO47391
SO47391
SO47391
SO47391
SO47391
SO47391
SO47391
SO47391
SO47391
SO47391
SO47391
SO47392
SO47393
SO47394
SO47394
SO47394
SO47394
SO47394
SO47394
SO47394
SO47394
SO47394
SO47394
SO47394
SO47394
SO47394
SO47394
SO47394
SO47394
SO47394
SO47394
SO47394
SO47394
SO47394
SO47394
SO47394
SO47394
SO47394
SO47394
SO47394
SO47394
SO47394
SO47394
SO47394
SO47394
SO47394
SO47394
SO47394
SO47394
SO47394
SO47395
SO47395
SO47395
SO47395
SO47395
SO47395
SO47395
SO47395
SO47395
SO47395
SO47395
SO47395
SO47395
SO47395
SO47395
SO47395
SO47395
SO47395
SO47395
SO47395
SO47395
SO47395
SO47395
SO47395
SO47395
SO47395
SO47395
SO47395
SO47395
SO47395
SO47395
SO47395
SO47395
SO47395
SO47395
SO47395
SO47395
SO47395
SO47395
SO47395
SO47395
SO47395
SO47395
SO47395
SO47395
SO47395
SO47395
SO47395
SO47395
SO47395
SO47395
SO47395
SO47395
SO47395
SO47395
SO47395
SO47395
SO47395
SO47395
SO47395
SO47395
SO47395
SO47395
SO47395
SO47395
SO47395
SO47396
SO47396
SO47396
SO47396
SO47396
SO47396
SO47396
SO47396
SO47396
SO47396
SO47396
SO47396
SO47396
SO47397
SO47397
SO47397
SO47397
SO47397
SO47397
SO47397
SO47397
SO47397
SO47397
SO47397
SO47397
SO47397
SO47397
SO47397
SO47397
SO47397
SO47397
SO47397
SO47397
SO47397
SO47398
SO47398
SO47398
SO47398
SO47398
SO47398
SO47398
SO47398
SO47398
SO47398
SO47398
SO47398
SO47398
SO47398
SO47398
SO47398
SO47398
SO47398
SO47398
SO47398
SO47398
SO47398
SO47398
SO47398
SO47398
SO47398
SO47398
SO47398
SO47398
SO47398
SO47398
SO47398
SO47398
SO47398
SO47398
SO47398
SO47398
SO47398
SO47398
SO47398
SO47398
SO47398
SO47398
SO47398
SO47398
SO47398
SO47398
SO47398
SO47398
SO47398
SO47398
SO47398
SO47398
SO47399
SO47399
SO47399
SO47399
SO47399
SO47399
SO47399
SO47399
SO47399
SO47399
SO47399
SO47399
SO47399
SO47399
SO47399
SO47399
SO47399
SO47399
SO47399
SO47400
SO47400
SO47400
SO47400
SO47400
SO47400
SO47400
SO47400
SO47400
SO47400
SO47400
SO47400
SO47400
SO47400
SO47400
SO47400
SO47400
SO47400
SO47400
SO47400
SO47400
SO47400
SO47400
SO47400
SO47400
SO47400
SO47400
SO47400
SO47400
SO47400
SO47400
SO47400
SO47400
SO47400
SO47400
SO47400
SO47400
SO47400
SO47400
SO47400
SO47400
SO47400
SO47400
SO47400
SO47400
SO47400
SO47400
SO47400
SO47400
SO47400
SO47400
SO47400
SO47400
SO47400
SO47400
SO47400
SO47400
SO47401
SO47402
SO47402
SO47402
SO47402
SO47402
SO47402
SO47402
SO47402
SO47402
SO47402
SO47402
SO47403
SO47403
SO47403
SO47403
SO47403
SO47403
SO47403
SO47403
SO47403
SO47403
SO47403
SO47403
SO47403
SO47403
SO47403
SO47403
SO47403
SO47403
SO47403
SO47403
SO47403
SO47403
SO47403
SO47403
SO47403
SO47403
SO47403
SO47403
SO47403
SO47403
SO47403
SO47403
SO47403
SO47403
SO47403
SO47403
SO47403
SO47403
SO47403
SO47403
SO47403
SO47403
SO47403
SO47403
SO47403
SO47403
SO47403
SO47403
SO47403
SO47403
SO47403
SO47403
SO47403
SO47404
SO47404
SO47404
SO47404
SO47404
SO47405
SO47406
SO47406
SO47406
SO47407
SO47407
SO47408
SO47408
SO47409
SO47409
SO47409
SO47409
SO47409
SO47409
SO47409
SO47409
SO47409
SO47409
SO47409
SO47409
SO47409
SO47409
SO47409
SO47409
SO47409
SO47409
SO47409
SO47409
SO47409
SO47409
SO47409
SO47409
SO47409
SO47409
SO47409
SO47409
SO47409
SO47409
SO47409
SO47409
SO47409
SO47409
SO47409
SO47409
SO47409
SO47409
SO47409
SO47409
SO47409
SO47409
SO47410
SO47410
SO47410
SO47410
SO47410
SO47410
SO47410
SO47410
SO47410
SO47410
SO47410
SO47410
SO47410
SO47410
SO47410
SO47410
SO47410
SO47410
SO47410
SO47410
SO47411
SO47411
SO47411
SO47411
SO47411
SO47411
SO47411
SO47411
SO47411
SO47411
SO47411
SO47411
SO47411
SO47411
SO47411
SO47411
SO47411
SO47411
SO47411
SO47411
SO47411
SO47411
SO47411
SO47411
SO47412
SO47413
SO47413
SO47413
SO47413
SO47413
SO47413
SO47413
SO47413
SO47413
SO47413
SO47413
SO47413
SO47413
SO47413
SO47413
SO47413
SO47413
SO47413
SO47413
SO47413
SO47413
SO47413
SO47413
SO47413
SO47413
SO47413
SO47413
SO47413
SO47413
SO47413
SO47413
SO47414
SO47414
SO47415
SO47415
SO47415
SO47415
SO47415
SO47415
SO47415
SO47415
SO47415
SO47415
SO47415
SO47415
SO47415
SO47416
SO47416
SO47416
SO47416
SO47416
SO47416
SO47416
SO47416
SO47416
SO47416
SO47416
SO47416
SO47416
SO47416
SO47416
SO47416
SO47416
SO47416
SO47416
SO47416
SO47416
SO47416
SO47416
SO47416
SO47416
SO47416
SO47416
SO47416
SO47416
SO47416
SO47416
SO47416
SO47416
SO47416
SO47416
SO47416
SO47416
SO47416
SO47416
SO47416
SO47416
SO47416
SO47416
SO47416
SO47416
SO47416
SO47416
SO47416
SO47416
SO47416
SO47416
SO47416
SO47416
SO47417
SO47417
SO47417
SO47417
SO47417
SO47417
SO47417
SO47417
SO47417
SO47417
SO47417
SO47417
SO47417
SO47417
SO47417
SO47417
SO47417
SO47417
SO47417
SO47417
SO47417
SO47417
SO47417
SO47417
SO47417
SO47417
SO47417
SO47417
SO47417
SO47418
SO47419
SO47419
SO47419
SO47419
SO47419
SO47419
SO47419
SO47419
SO47419
SO47419
SO47419
SO47420
SO47420
SO47421
SO47421
SO47421
SO47421
SO47421
SO47421
SO47421
SO47421
SO47422
SO47422
SO47422
SO47422
SO47422
SO47422
SO47422
SO47422
SO47422
SO47422
SO47422
SO47422
SO47422
SO47422
SO47422
SO47422
SO47422
SO47422
SO47422
SO47422
SO47422
SO47422
SO47422
SO47422
SO47422
SO47422
SO47422
SO47422
SO47422
SO47422
SO47422
SO47422
SO47422
SO47422
SO47422
SO47422
SO47422
SO47422
SO47422
SO47422
SO47422
SO47422
SO47422
SO47422
SO47422
SO47422
SO47422
SO47422
SO47422
SO47422
SO47422
SO47422
SO47422
SO47422
SO47422
SO47422
SO47422
SO47423
SO47423
SO47423
SO47423
SO47423
SO47423
SO47423
SO47424
SO47424
SO47424
SO47424
SO47424
SO47424
SO47424
SO47424
SO47424
SO47424
SO47424
SO47424
SO47424
SO47425
SO47425
SO47425
SO47425
SO47425
SO47425
SO47425
SO47425
SO47425
SO47425
SO47425
SO47426
SO47427
SO47427
SO47427
SO47427
SO47427
SO47427
SO47427
SO47427
SO47427
SO47427
SO47427
SO47427
SO47427
SO47427
SO47427
SO47427
SO47427
SO47427
SO47427
SO47427
SO47427
SO47427
SO47427
SO47428
SO47428
SO47428
SO47428
SO47429
SO47429
SO47429
SO47429
SO47429
SO47430
SO47431
SO47431
SO47431
SO47432
SO47432
SO47432
SO47432
SO47432
SO47432
SO47432
SO47432
SO47432
SO47432
SO47432
SO47432
SO47433
SO47434
SO47434
SO47434
SO47434
SO47434
SO47434
SO47434
SO47434
SO47434
SO47434
SO47434
SO47434
SO47434
SO47434
SO47434
SO47434
SO47434
SO47434
SO47434
SO47434
SO47434
SO47434
SO47434
SO47434
SO47434
SO47434
SO47434
SO47434
SO47434
SO47434
SO47434
SO47434
SO47434
SO47434
SO47434
SO47434
SO47435
SO47435
SO47435
SO47435
SO47435
SO47435
SO47435
SO47435
SO47435
SO47435
SO47435
SO47435
SO47435
SO47435
SO47435
SO47435
SO47435
SO47435
SO47435
SO47435
SO47435
SO47435
SO47435
SO47435
SO47435
SO47435
SO47435
SO47435
SO47435
SO47435
SO47435
SO47435
SO47435
SO47435
SO47435
SO47435
SO47435
SO47435
SO47435
SO47435
SO47435
SO47435
SO47435
SO47435
SO47435
SO47435
SO47435
SO47435
SO47435
SO47435
SO47435
SO47435
SO47436
SO47436
SO47436
SO47436
SO47436
SO47436
SO47436
SO47436
SO47436
SO47436
SO47436
SO47436
SO47436
SO47436
SO47437
SO47438
SO47438
SO47438
SO47438
SO47438
SO47438
SO47438
SO47438
SO47438
SO47438
SO47438
SO47438
SO47438
SO47438
SO47438
SO47438
SO47438
SO47438
SO47438
SO47438
SO47438
SO47438
SO47438
SO47438
SO47438
SO47438
SO47438
SO47438
SO47438
SO47438
SO47438
SO47439
SO47439
SO47439
SO47439
SO47439
SO47439
SO47439
SO47439
SO47439
SO47439
SO47439
SO47439
SO47439
SO47439
SO47439
SO47439
SO47439
SO47439
SO47439
SO47439
SO47439
SO47439
SO47439
SO47439
SO47439
SO47439
SO47439
SO47439
SO47439
SO47439
SO47439
SO47439
SO47439
SO47439
SO47439
SO47439
SO47439
SO47439
SO47439
SO47439
SO47439
SO47439
SO47439
SO47439
SO47439
SO47439
SO47439
SO47439
SO47439
SO47439
SO47439
SO47439
SO47439
SO47439
SO47440
SO47440
SO47440
SO47440
SO47440
SO47440
SO47440
SO47440
SO47440
SO47440
SO47440
SO47440
SO47440
SO47440
SO47440
SO47440
SO47441
SO47441
SO47441
SO47441
SO47441
SO47441
SO47441
SO47441
SO47441
SO47441
SO47441
SO47441
SO47441
SO47441
SO47441
SO47441
SO47441
SO47441
SO47441
SO47441
SO47441
SO47441
SO47441
SO47441
SO47441
SO47441
SO47441
SO47441
SO47441
SO47441
SO47441
SO47441
SO47441
SO47441
SO47441
SO47441
SO47441
SO47442
SO47442
SO47443
SO47443
SO47443
SO47443
SO47443
SO47443
SO47443
SO47443
SO47443
SO47443
SO47443
SO47443
SO47443
SO47443
SO47443
SO47443
SO47443
SO47443
SO47444
SO47444
SO47444
SO47444
SO47444
SO47444
SO47444
SO47444
SO47444
SO47444
SO47444
SO47444
SO47444
SO47444
SO47444
SO47444
SO47445
SO47445
SO47445
SO47445
SO47445
SO47445
SO47445
SO47446
SO47446
SO47447
SO47447
SO47447
SO47447
SO47447
SO47447
SO47447
SO47447
SO47447
SO47447
SO47447
SO47447
SO47447
SO47447
SO47447
SO47447
SO47447
SO47447
SO47447
SO47447
SO47447
SO47447
SO47447
SO47447
SO47447
SO47447
SO47447
SO47447
SO47447
SO47447
SO47447
SO47447
SO47447
SO47447
SO47447
SO47447
SO47447
SO47447
SO47447
SO47447
SO47447
SO47447
SO47447
SO47447
SO47447
SO47447
SO47447
SO47447
SO47447
SO47447
SO47447
SO47447
SO47447
SO47447
SO47447
SO47447
SO47448
SO47448
SO47448
SO47449
SO47449
SO47449
SO47449
SO47449
SO47449
SO47449
SO47449
SO47449
SO47449
SO47449
SO47450
SO47450
SO47450
SO47450
SO47450
SO47450
SO47450
SO47450
SO47450
SO47450
SO47450
SO47450
SO47450
SO47450
SO47450
SO47450
SO47450
SO47450
SO47450
SO47450
SO47450
SO47450
SO47450
SO47450
SO47450
SO47450
SO47450
SO47450
SO47450
SO47450
SO47450
SO47450
SO47450
SO47450
SO47450
SO47450
SO47450
SO47450
SO47450
SO47450
SO47450
SO47450
SO47450
SO47450
SO47450
SO47450
SO47450
SO47450
SO47450
SO47450
SO47450
SO47450
SO47450
SO47450
SO47450
SO47450
SO47451
SO47451
SO47451
SO47451
SO47451
SO47451
SO47451
SO47451
SO47451
SO47451
SO47451
SO47451
SO47451
SO47451
SO47451
SO47451
SO47451
SO47451
SO47451
SO47451
SO47451
SO47451
SO47451
SO47451
SO47451
SO47451
SO47451
SO47451
SO47451
SO47451
SO47451
SO47451
SO47451
SO47451
SO47451
SO47451
SO47452
SO47452
SO47452
SO47452
SO47452
SO47452
SO47452
SO47452
SO47452
SO47452
SO47452
SO47452
SO47452
SO47452
SO47452
SO47452
SO47452
SO47452
SO47453
SO47453
SO47454
SO47454
SO47454
SO47454
SO47454
SO47454
SO47454
SO47454
SO47454
SO47454
SO47454
SO47454
SO47454
SO47454
SO47454
SO47454
SO47454
SO47454
SO47454
SO47454
SO47454
SO47454
SO47454
SO47454
SO47454
SO47454
SO47454
SO47454
SO47454
SO47454
SO47454
SO47454
SO47454
SO47454
SO47454
SO47454
SO47454
SO47455
SO47455
SO47455
SO47455
SO47455
SO47455
SO47455
SO47455
SO47455
SO47455
SO47455
SO47455
SO47455
SO47455
SO47455
SO47455
SO47455
SO47455
SO47455
SO47455
SO47455
SO47455
SO47455
SO47455
SO47455
SO47455
SO47455
SO47455
SO47455
SO47455
SO47455
SO47455
SO47455
SO47455
SO47455
SO47455
SO47455
SO47455
SO47455
SO47455
SO47455
SO47455
SO47455
SO47455
SO47455
SO47455
SO47456
SO47456
SO47456
SO47456
SO47456
SO47456
SO47456
SO47456
SO47456
SO47456
SO47456
SO47456
SO47456
SO47456
SO47456
SO47456
SO47456
SO47456
SO47456
SO47456
SO47456
SO47456
SO47456
SO47456
SO47456
SO47456
SO47456
SO47456
SO47456
SO47456
SO47456
SO47456
SO47457
SO47457
SO47457
SO47457
SO47457
SO47457
SO47457
SO47457
SO47457
SO47457
SO47457
SO47458
SO47458
SO47458
SO47458
SO47458
SO47458
SO47458
SO47458
SO47458
SO47458
SO47458
SO47458
SO47458
SO47458
SO47458
SO47458
SO47458
SO47458
SO47458
SO47458
SO47458
SO47458
SO47458
SO47458
SO47458
SO47458
SO47458
SO47458
SO47458
SO47458
SO47458
SO47458
SO47458
SO47459
SO47459
SO47658
SO47658
SO47658
SO47658
SO47658
SO47658
SO47658
SO47658
SO47658
SO47658
SO47658
SO47658
SO47658
SO47658
SO47658
SO47658
SO47658
SO47658
SO47658
SO47658
SO47658
SO47658
SO47658
SO47658
SO47658
SO47658
SO47658
SO47658
SO47658
SO47658
SO47658
SO47658
SO47658
SO47659
SO47659
SO47659
SO47659
SO47659
SO47659
SO47659
SO47659
SO47659
SO47660
SO47661
SO47662
SO47662
SO47662
SO47662
SO47662
SO47662
SO47662
SO47662
SO47662
SO47662
SO47662
SO47662
SO47662
SO47662
SO47662
SO47662
SO47662
SO47662
SO47662
SO47662
SO47662
SO47662
SO47662
SO47662
SO47662
SO47662
SO47662
SO47662
SO47662
SO47662
SO47662
SO47662
SO47662
SO47662
SO47662
SO47662
SO47662
SO47662
SO47662
SO47662
SO47662
SO47662
SO47662
SO47662
SO47662
SO47662
SO47663
SO47663
SO47663
SO47663
SO47663
SO47663
SO47663
SO47663
SO47663
SO47663
SO47663
SO47663
SO47663
SO47663
SO47663
SO47663
SO47663
SO47663
SO47663
SO47663
SO47663
SO47663
SO47663
SO47663
SO47663
SO47663
SO47663
SO47663
SO47663
SO47663
SO47663
SO47663
SO47663
SO47663
SO47663
SO47663
SO47663
SO47663
SO47664
SO47664
SO47664
SO47664
SO47664
SO47664
SO47664
SO47664
SO47664
SO47664
SO47664
SO47664
SO47664
SO47664
SO47664
SO47664
SO47664
SO47664
SO47664
SO47664
SO47665
SO47666
SO47666
SO47666
SO47666
SO47666
SO47666
SO47666
SO47666
SO47666
SO47666
SO47666
SO47666
SO47666
SO47666
SO47666
SO47666
SO47666
SO47666
SO47666
SO47666
SO47666
SO47666
SO47666
SO47666
SO47666
SO47666
SO47666
SO47666
SO47666
SO47666
SO47666
SO47666
SO47666
SO47666
SO47666
SO47667
SO47667
SO47667
SO47667
SO47667
SO47668
SO47668
SO47668
SO47668
SO47668
SO47668
SO47668
SO47668
SO47668
SO47668
SO47668
SO47668
SO47668
SO47668
SO47668
SO47668
SO47668
SO47668
SO47668
SO47668
SO47668
SO47668
SO47668
SO47668
SO47668
SO47668
SO47668
SO47668
SO47668
SO47668
SO47668
SO47668
SO47668
SO47668
SO47668
SO47668
SO47668
SO47668
SO47668
SO47668
SO47668
SO47668
SO47668
SO47668
SO47668
SO47668
SO47668
SO47668
SO47668
SO47669
SO47669
SO47669
SO47669
SO47669
SO47669
SO47669
SO47669
SO47670
SO47670
SO47670
SO47670
SO47670
SO47670
SO47670
SO47670
SO47670
SO47670
SO47670
SO47670
SO47670
SO47670
SO47670
SO47670
SO47670
SO47670
SO47670
SO47670
SO47670
SO47670
SO47670
SO47670
SO47670
SO47670
SO47670
SO47670
SO47670
SO47670
SO47670
SO47670
SO47670
SO47670
SO47670
SO47670
SO47670
SO47670
SO47670
SO47670
SO47670
SO47670
SO47670
SO47670
SO47670
SO47670
SO47670
SO47670
SO47670
SO47670
SO47670
SO47670
SO47670
SO47670
SO47670
SO47670
SO47670
SO47671
SO47672
SO47673
SO47673
SO47673
SO47673
SO47673
SO47673
SO47673
SO47673
SO47673
SO47673
SO47673
SO47673
SO47673
SO47673
SO47673
SO47673
SO47673
SO47673
SO47673
SO47673
SO47673
SO47674
SO47674
SO47674
SO47674
SO47674
SO47674
SO47675
SO47675
SO47675
SO47675
SO47675
SO47675
SO47675
SO47675
SO47675
SO47675
SO47675
SO47675
SO47675
SO47675
SO47675
SO47675
SO47675
SO47675
SO47675
SO47675
SO47675
SO47675
SO47675
SO47675
SO47675
SO47675
SO47675
SO47675
SO47675
SO47675
SO47675
SO47675
SO47675
SO47675
SO47675
SO47675
SO47675
SO47675
SO47675
SO47675
SO47675
SO47676
SO47676
SO47676
SO47676
SO47676
SO47676
SO47676
SO47676
SO47676
SO47676
SO47676
SO47676
SO47676
SO47676
SO47676
SO47676
SO47676
SO47676
SO47676
SO47677
SO47677
SO47677
SO47677
SO47677
SO47677
SO47677
SO47677
SO47677
SO47677
SO47677
SO47677
SO47677
SO47677
SO47677
SO47677
SO47677
SO47677
SO47677
SO47677
SO47677
SO47677
SO47677
SO47677
SO47677
SO47677
SO47677
SO47677
SO47677
SO47677
SO47677
SO47677
SO47677
SO47677
SO47677
SO47677
SO47677
SO47677
SO47677
SO47677
SO47677
SO47677
SO47677
SO47677
SO47677
SO47677
SO47677
SO47677
SO47678
SO47678
SO47678
SO47678
SO47678
SO47678
SO47678
SO47678
SO47679
SO47679
SO47679
SO47679
SO47679
SO47680
SO47680
SO47680
SO47680
SO47680
SO47680
SO47680
SO47680
SO47680
SO47680
SO47680
SO47680
SO47680
SO47680
SO47680
SO47680
SO47680
SO47680
SO47680
SO47680
SO47680
SO47680
SO47680
SO47680
SO47680
SO47680
SO47680
SO47680
SO47680
SO47680
SO47680
SO47681
SO47681
SO47681
SO47681
SO47681
SO47681
SO47681
SO47681
SO47681
SO47681
SO47681
SO47681
SO47681
SO47681
SO47681
SO47681
SO47681
SO47681
SO47681
SO47681
SO47681
SO47681
SO47681
SO47681
SO47681
SO47681
SO47681
SO47681
SO47681
SO47681
SO47681
SO47681
SO47681
SO47682
SO47682
SO47683
SO47683
SO47683
SO47683
SO47683
SO47683
SO47683
SO47683
SO47683
SO47683
SO47683
SO47683
SO47683
SO47683
SO47683
SO47683
SO47683
SO47683
SO47683
SO47683
SO47683
SO47683
SO47683
SO47683
SO47683
SO47683
SO47683
SO47683
SO47683
SO47683
SO47683
SO47683
SO47684
SO47684
SO47684
SO47684
SO47684
SO47684
SO47684
SO47684
SO47685
SO47685
SO47685
SO47685
SO47685
SO47685
SO47685
SO47685
SO47685
SO47685
SO47685
SO47685
SO47685
SO47685
SO47685
SO47685
SO47685
SO47685
SO47685
SO47685
SO47685
SO47685
SO47685
SO47685
SO47685
SO47685
SO47685
SO47685
SO47685
SO47685
SO47685
SO47685
SO47685
SO47685
SO47685
SO47685
SO47686
SO47687
SO47687
SO47687
SO47687
SO47687
SO47687
SO47687
SO47687
SO47687
SO47687
SO47687
SO47687
SO47687
SO47687
SO47687
SO47687
SO47687
SO47687
SO47687
SO47687
SO47687
SO47687
SO47687
SO47687
SO47687
SO47687
SO47687
SO47687
SO47687
SO47687
SO47687
SO47687
SO47687
SO47687
SO47687
SO47687
SO47687
SO47687
SO47687
SO47687
SO47687
SO47687
SO47687
SO47687
SO47687
SO47687
SO47687
SO47688
SO47689
SO47689
SO47689
SO47690
SO47690
SO47690
SO47690
SO47690
SO47690
SO47690
SO47690
SO47690
SO47690
SO47691
SO47692
SO47692
SO47692
SO47692
SO47692
SO47692
SO47692
SO47692
SO47692
SO47693
SO47693
SO47693
SO47693
SO47693
SO47693
SO47693
SO47693
SO47693
SO47693
SO47693
SO47693
SO47693
SO47693
SO47693
SO47693
SO47693
SO47693
SO47693
SO47693
SO47693
SO47693
SO47693
SO47693
SO47693
SO47693
SO47693
SO47693
SO47693
SO47693
SO47693
SO47693
SO47693
SO47694
SO47694
SO47694
SO47694
SO47694
SO47694
SO47694
SO47694
SO47694
SO47694
SO47694
SO47694
SO47694
SO47694
SO47694
SO47694
SO47694
SO47694
SO47694
SO47694
SO47694
SO47694
SO47694
SO47694
SO47694
SO47694
SO47694
SO47694
SO47694
SO47694
SO47695
SO47696
SO47696
SO47696
SO47696
SO47696
SO47696
SO47696
SO47696
SO47696
SO47696
SO47696
SO47696
SO47696
SO47696
SO47696
SO47696
SO47696
SO47696
SO47696
SO47696
SO47696
SO47696
SO47696
SO47696
SO47696
SO47696
SO47696
SO47697
SO47697
SO47698
SO47698
SO47698
SO47698
SO47698
SO47698
SO47698
SO47698
SO47698
SO47698
SO47698
SO47698
SO47698
SO47698
SO47698
SO47698
SO47698
SO47698
SO47698
SO47698
SO47698
SO47698
SO47698
SO47698
SO47698
SO47698
SO47698
SO47698
SO47698
SO47698
SO47698
SO47698
SO47698
SO47698
SO47699
SO47699
SO47699
SO47699
SO47699
SO47699
SO47699
SO47700
SO47700
SO47700
SO47700
SO47700
SO47700
SO47700
SO47700
SO47700
SO47700
SO47700
SO47700
SO47700
SO47700
SO47700
SO47700
SO47700
SO47700
SO47700
SO47700
SO47700
SO47700
SO47700
SO47700
SO47700
SO47700
SO47700
SO47700
SO47700
SO47700
SO47700
SO47700
SO47700
SO47700
SO47700
SO47700
SO47700
SO47701
SO47701
SO47701
SO47701
SO47701
SO47701
SO47701
SO47701
SO47701
SO47701
SO47702
SO47702
SO47702
SO47702
SO47703
SO47703
SO47703
SO47703
SO47703
SO47703
SO47703
SO47703
SO47703
SO47703
SO47703
SO47704
SO47705
SO47705
SO47705
SO47705
SO47705
SO47705
SO47705
SO47705
SO47705
SO47705
SO47705
SO47705
SO47705
SO47705
SO47705
SO47705
SO47705
SO47705
SO47705
SO47705
SO47705
SO47705
SO47705
SO47705
SO47705
SO47705
SO47705
SO47705
SO47706
SO47706
SO47706
SO47706
SO47706
SO47706
SO47706
SO47706
SO47706
SO47706
SO47706
SO47706
SO47706
SO47706
SO47706
SO47706
SO47706
SO47706
SO47706
SO47706
SO47706
SO47706
SO47706
SO47707
SO47707
SO47708
SO47708
SO47708
SO47708
SO47708
SO47708
SO47708
SO47708
SO47708
SO47708
SO47708
SO47708
SO47708
SO47708
SO47708
SO47708
SO47708
SO47708
SO47708
SO47708
SO47708
SO47708
SO47708
SO47708
SO47708
SO47708
SO47708
SO47708
SO47708
SO47708
SO47708
SO47708
SO47708
SO47708
SO47708
SO47708
SO47708
SO47708
SO47708
SO47708
SO47708
SO47708
SO47708
SO47708
SO47708
SO47708
SO47708
SO47708
SO47708
SO47709
SO47709
SO47709
SO47709
SO47709
SO47709
SO47709
SO47710
SO47711
SO47711
SO47712
SO47712
SO47712
SO47712
SO47712
SO47712
SO47712
SO47712
SO47712
SO47712
SO47712
SO47712
SO47712
SO47712
SO47712
SO47712
SO47712
SO47712
SO47712
SO47712
SO47712
SO47712
SO47712
SO47712
SO47712
SO47712
SO47712
SO47712
SO47712
SO47712
SO47712
SO47712
SO47712
SO47712
SO47712
SO47713
SO47714
SO47714
SO47714
SO47714
SO47714
SO47714
SO47714
SO47714
SO47714
SO47714
SO47714
SO47715
SO47715
SO47715
SO47715
SO47715
SO47715
SO47715
SO47715
SO47715
SO47715
SO47716
SO47716
SO47716
SO47716
SO47716
SO47716
SO47716
SO47716
SO47716
SO47716
SO47716
SO47716
SO47716
SO47716
SO47716
SO47716
SO47716
SO47716
SO47716
SO47716
SO47716
SO47716
SO47716
SO47716
SO47716
SO47716
SO47716
SO47716
SO47716
SO47716
SO47716
SO47716
SO47716
SO47716
SO47716
SO47716
SO47716
SO47716
SO47716
SO47716
SO47716
SO47716
SO47716
SO47716
SO47716
SO47716
SO47716
SO47716
SO47716
SO47716
SO47716
SO47716
SO47716
SO47716
SO47716
SO47717
SO47718
SO47718
SO47718
SO47718
SO47718
SO47718
SO47718
SO47718
SO47718
SO47718
SO47718
SO47718
SO47718
SO47718
SO47718
SO47718
SO47718
SO47718
SO47718
SO47718
SO47718
SO47718
SO47718
SO47718
SO47718
SO47718
SO47718
SO47718
SO47718
SO47718
SO47718
SO47718
SO47718
SO47718
SO47718
SO47718
SO47718
SO47718
SO47718
SO47718
SO47718
SO47718
SO47718
SO47718
SO47718
SO47718
SO47718
SO47718
SO47718
SO47718
SO47718
SO47719
SO47719
SO47719
SO47719
SO47719
SO47719
SO47719
SO47719
SO47720
SO47720
SO47720
SO47720
SO47720
SO47720
SO47720
SO47720
SO47720
SO47720
SO47720
SO47720
SO47720
SO47720
SO47720
SO47720
SO47720
SO47720
SO47720
SO47720
SO47720
SO47720
SO47720
SO47720
SO47720
SO47720
SO47720
SO47720
SO47720
SO47720
SO47720
SO47720
SO47720
SO47720
SO47720
SO47720
SO47720
SO47720
SO47720
SO47720
SO47720
SO47720
SO47720
SO47720
SO47720
SO47720
SO47720
SO47720
SO47721
SO47721
SO47721
SO47721
SO47721
SO47721
SO47721
SO47721
SO47721
SO47721
SO47721
SO47721
SO47721
SO47721
SO47721
SO47721
SO47721
SO47721
SO47721
SO47721
SO47721
SO47721
SO47721
SO47721
SO47721
SO47721
SO47721
SO47721
SO47721
SO47721
SO47721
SO47721
SO47721
SO47721
SO47721
SO47721
SO47721
SO47721
SO47721
SO47721
SO47721
SO47721
SO47721
SO47721
SO47721
SO47721
SO47721
SO47721
SO47721
SO47721
SO47721
SO47721
SO47721
SO47722
SO47723
SO47724
SO47724
SO47724
SO47724
SO47724
SO47724
SO47724
SO47724
SO47724
SO47724
SO47724
SO47724
SO47724
SO47724
SO47724
SO47724
SO47724
SO47724
SO47724
SO47724
SO47724
SO47724
SO47724
SO47724
SO47724
SO47724
SO47724
SO47724
SO47724
SO47724
SO47724
SO47724
SO47724
SO47724
SO47724
SO47724
SO47724
SO47724
SO47724
SO47724
SO47724
SO47724
SO47724
SO47724
SO47724
SO47724
SO47724
SO47725
SO47725
SO47725
SO47725
SO47725
SO47725
SO47725
SO47725
SO47725
SO47725
SO47725
SO47725
SO47725
SO47725
SO47725
SO47725
SO47725
SO47725
SO47725
SO47725
SO47725
SO47725
SO47725
SO47725
SO47725
SO47725
SO47725
SO47725
SO47725
SO47725
SO47725
SO47725
SO47725
SO47725
SO47725
SO47725
SO47725
SO47725
SO47725
SO47725
SO47725
SO47725
SO47725
SO47725
SO47725
SO47725
SO47725
SO47725
SO47726
SO47726
SO47726
SO47726
SO47726
SO47726
SO47726
SO47726
SO47726
SO47726
SO47726
SO47726
SO47726
SO47726
SO47726
SO47726
SO47726
SO47726
SO47726
SO47726
SO47726
SO47726
SO47726
SO47726
SO47726
SO47726
SO47726
SO47726
SO47726
SO47726
SO47726
SO47726
SO47726
SO47726
SO47726
SO47727
SO47728
SO47729
SO47730
SO47730
SO47730
SO47730
SO47730
SO47730
SO47730
SO47730
SO47730
SO47730
SO47730
SO47730
SO47730
SO47730
SO47730
SO47730
SO47730
SO47730
SO47730
SO47730
SO47730
SO47730
SO47960
SO47960
SO47960
SO47960
SO47960
SO47960
SO47960
SO47960
SO47961
SO47962
SO47962
SO47962
SO47962
SO47962
SO47962
SO47962
SO47962
SO47962
SO47962
SO47962
SO47962
SO47962
SO47962
SO47962
SO47962
SO47962
SO47962
SO47962
SO47962
SO47962
SO47962
SO47962
SO47962
SO47963
SO47963
SO47963
SO47963
SO47964
SO47964
SO47964
SO47964
SO47964
SO47965
SO47965
SO47965
SO47965
SO47965
SO47965
SO47965
SO47965
SO47965
SO47965
SO47965
SO47965
SO47965
SO47965
SO47965
SO47965
SO47965
SO47965
SO47965
SO47965
SO47965
SO47965
SO47965
SO47965
SO47965
SO47965
SO47965
SO47965
SO47965
SO47965
SO47965
SO47965
SO47965
SO47966
SO47966
SO47966
SO47966
SO47966
SO47966
SO47966
SO47966
SO47966
SO47966
SO47967
SO47967
SO47967
SO47967
SO47967
SO47967
SO47967
SO47967
SO47967
SO47967
SO47967
SO47967
SO47967
SO47967
SO47967
SO47967
SO47967
SO47967
SO47967
SO47967
SO47967
SO47967
SO47967
SO47967
SO47968
SO47968
SO47968
SO47969
SO47969
SO47969
SO47969
SO47969
SO47970
SO47970
SO47970
SO47970
SO47970
SO47970
SO47970
SO47970
SO47970
SO47970
SO47970
SO47970
SO47970
SO47970
SO47970
SO47970
SO47970
SO47970
SO47970
SO47970
SO47970
SO47970
SO47970
SO47970
SO47970
SO47970
SO47971
SO47971
SO47971
SO47971
SO47971
SO47972
SO47972
SO47972
SO47972
SO47972
SO47972
SO47972
SO47973
SO47973
SO47973
SO47973
SO47973
SO47973
SO47973
SO47973
SO47973
SO47973
SO47973
SO47973
SO47973
SO47973
SO47973
SO47973
SO47973
SO47973
SO47973
SO47973
SO47973
SO47973
SO47973
SO47973
SO47973
SO47973
SO47973
SO47973
SO47973
SO47973
SO47973
SO47973
SO47973
SO47973
SO47973
SO47973
SO47973
SO47973
SO47973
SO47973
SO47973
SO47973
SO47973
SO47973
SO47973
SO47973
SO47974
SO47974
SO47975
SO47975
SO47975
SO47975
SO47975
SO47975
SO47975
SO47975
SO47975
SO47975
SO47975
SO47975
SO47975
SO47975
SO47975
SO47975
SO47975
SO47975
SO47975
SO47975
SO47975
SO47975
SO47975
SO47975
SO47975
SO47975
SO47975
SO47975
SO47975
SO47975
SO47975
SO47975
SO47975
SO47975
SO47975
SO47975
SO47975
SO47975
SO47975
SO47975
SO47975
SO47975
SO47975
SO47975
SO47975
SO47975
SO47976
SO47976
SO47976
SO47976
SO47976
SO47976
SO47976
SO47976
SO47976
SO47976
SO47976
SO47976
SO47976
SO47976
SO47976
SO47976
SO47976
SO47976
SO47976
SO47976
SO47977
SO47977
SO47977
SO47978
SO47978
SO47978
SO47978
SO47978
SO47978
SO47978
SO47978
SO47978
SO47978
SO47978
SO47978
SO47978
SO47979
SO47979
SO47979
SO47979
SO47979
SO47979
SO47979
SO47979
SO47979
SO47980
SO47980
SO47980
SO47980
SO47980
SO47980
SO47980
SO47980
SO47980
SO47980
SO47980
SO47980
SO47980
SO47980
SO47980
SO47980
SO47980
SO47980
SO47980
SO47980
SO47980
SO47980
SO47980
SO47980
SO47980
SO47980
SO47980
SO47980
SO47980
SO47980
SO47980
SO47980
SO47980
SO47981
SO47981
SO47981
SO47981
SO47982
SO47983
SO47984
SO47984
SO47984
SO47984
SO47984
SO47984
SO47984
SO47984
SO47984
SO47985
SO47986
SO47986
SO47986
SO47986
SO47986
SO47986
SO47986
SO47986
SO47986
SO47986
SO47986
SO47986
SO47986
SO47986
SO47986
SO47986
SO47986
SO47986
SO47986
SO47986
SO47986
SO47986
SO47986
SO47986
SO47986
SO47986
SO47986
SO47986
SO47986
SO47986
SO47986
SO47986
SO47986
SO47986
SO47986
SO47986
SO47986
SO47986
SO47986
SO47986
SO47986
SO47986
SO47986
SO47986
SO47986
SO47986
SO47986
SO47986
SO47986
SO47986
SO47986
SO47987
SO47987
SO47987
SO47988
SO47988
SO47988
SO47988
SO47988
SO47988
SO47988
SO47988
SO47988
SO47988
SO47988
SO47988
SO47988
SO47988
SO47988
SO47988
SO47988
SO47988
SO47988
SO47988
SO47988
SO47988
SO47988
SO47988
SO47988
SO47988
SO47988
SO47988
SO47988
SO47988
SO47988
SO47988
SO47988
SO47988
SO47988
SO47988
SO47988
SO47988
SO47988
SO47988
SO47988
SO47988
SO47988
SO47988
SO47988
SO47988
SO47988
SO47988
SO47988
SO47988
SO47988
SO47989
SO47989
SO47989
SO47989
SO47989
SO47989
SO47989
SO47989
SO47989
SO47989
SO47989
SO47990
SO47990
SO47990
SO47990
SO47990
SO47990
SO47990
SO47990
SO47990
SO47990
SO47990
SO47990
SO47990
SO47990
SO47990
SO47990
SO47990
SO47990
SO47990
SO47990
SO47990
SO47990
SO47990
SO47990
SO47990
SO47990
SO47990
SO47990
SO47990
SO47990
SO47990
SO47990
SO47990
SO47990
SO47990
SO47990
SO47990
SO47990
SO47990
SO47990
SO47990
SO47990
SO47990
SO47990
SO47990
SO47990
SO47991
SO47991
SO47991
SO47991
SO47991
SO47991
SO47991
SO47991
SO47991
SO47991
SO47991
SO47991
SO47991
SO47991
SO47991
SO47991
SO47991
SO47991
SO47991
SO47991
SO47991
SO47991
SO47992
SO47992
SO47992
SO47992
SO47992
SO47992
SO47992
SO47992
SO47992
SO47992
SO47992
SO47992
SO47992
SO47992
SO47992
SO47992
SO47992
SO47992
SO47992
SO47992
SO47992
SO47992
SO47992
SO47992
SO47992
SO47992
SO47992
SO47992
SO47992
SO47992
SO47992
SO47992
SO47992
SO47992
SO47992
SO47992
SO47992
SO47992
SO47992
SO47992
SO47992
SO47992
SO47992
SO47992
SO47992
SO47992
SO47992
SO47993
SO47993
SO47993
SO47993
SO47993
SO47993
SO47993
SO47993
SO47993
SO47994
SO47994
SO47994
SO47994
SO47994
SO47994
SO47994
SO47994
SO47994
SO47994
SO47994
SO47994
SO47994
SO47994
SO47994
SO47994
SO47994
SO47994
SO47994
SO47994
SO47994
SO47994
SO47994
SO47994
SO47994
SO47994
SO47994
SO47994
SO47994
SO47994
SO47994
SO47994
SO47994
SO47995
SO47995
SO47995
SO47995
SO47995
SO47995
SO47995
SO47995
SO47995
SO47995
SO47995
SO47996
SO47996
SO47996
SO47996
SO47996
SO47996
SO47996
SO47996
SO47996
SO47996
SO47996
SO47996
SO47996
SO47996
SO47996
SO47996
SO47996
SO47996
SO47996
SO47996
SO47996
SO47996
SO47996
SO47996
SO47996
SO47996
SO47996
SO47996
SO47997
SO47997
SO47997
SO47997
SO47997
SO47997
SO47997
SO47998
SO47998
SO47998
SO47998
SO47998
SO47998
SO47998
SO47999
SO47999
SO47999
SO47999
SO47999
SO47999
SO47999
SO47999
SO47999
SO47999
SO47999
SO47999
SO47999
SO47999
SO47999
SO47999
SO47999
SO47999
SO47999
SO47999
SO47999
SO47999
SO47999
SO47999
SO47999
SO47999
SO47999
SO47999
SO47999
SO47999
SO48000
SO48001
SO48001
SO48001
SO48001
SO48001
SO48001
SO48001
SO48001
SO48001
SO48001
SO48001
SO48001
SO48001
SO48001
SO48001
SO48001
SO48001
SO48001
SO48001
SO48001
SO48001
SO48001
SO48001
SO48001
SO48001
SO48001
SO48001
SO48001
SO48001
SO48001
SO48001
SO48001
SO48001
SO48001
SO48001
SO48001
SO48001
SO48001
SO48001
SO48001
SO48001
SO48001
SO48001
SO48001
SO48001
SO48001
SO48001
SO48001
SO48002
SO48002
SO48002
SO48002
SO48002
SO48003
SO48003
SO48003
SO48004
SO48004
SO48004
SO48004
SO48004
SO48004
SO48004
SO48004
SO48004
SO48004
SO48004
SO48004
SO48004
SO48004
SO48004
SO48004
SO48004
SO48004
SO48004
SO48004
SO48004
SO48004
SO48004
SO48004
SO48004
SO48004
SO48004
SO48004
SO48004
SO48004
SO48005
SO48005
SO48005
SO48005
SO48005
SO48005
SO48005
SO48005
SO48005
SO48005
SO48005
SO48005
SO48005
SO48005
SO48005
SO48005
SO48005
SO48005
SO48005
SO48005
SO48005
SO48005
SO48005
SO48005
SO48005
SO48005
SO48005
SO48005
SO48005
SO48005
SO48005
SO48005
SO48005
SO48005
SO48005
SO48005
SO48005
SO48005
SO48005
SO48005
SO48005
SO48005
SO48005
SO48005
SO48005
SO48005
SO48005
SO48005
SO48005
SO48005
SO48005
SO48005
SO48005
SO48005
SO48005
SO48005
SO48006
SO48006
SO48006
SO48006
SO48006
SO48006
SO48007
SO48008
SO48008
SO48008
SO48008
SO48008
SO48008
SO48009
SO48009
SO48009
SO48009
SO48009
SO48009
SO48009
SO48009
SO48010
SO48010
SO48010
SO48010
SO48010
SO48010
SO48010
SO48010
SO48010
SO48010
SO48010
SO48010
SO48010
SO48010
SO48010
SO48010
SO48010
SO48010
SO48010
SO48010
SO48010
SO48010
SO48010
SO48010
SO48010
SO48010
SO48010
SO48010
SO48010
SO48010
SO48010
SO48010
SO48010
SO48010
SO48010
SO48010
SO48010
SO48010
SO48010
SO48010
SO48010
SO48010
SO48010
SO48010
SO48010
SO48010
SO48010
SO48010
SO48011
SO48011
SO48011
SO48012
SO48012
SO48012
SO48012
SO48012
SO48012
SO48012
SO48012
SO48012
SO48012
SO48012
SO48012
SO48012
SO48012
SO48012
SO48012
SO48012
SO48012
SO48012
SO48012
SO48012
SO48012
SO48012
SO48012
SO48012
SO48012
SO48012
SO48012
SO48012
SO48012
SO48012
SO48012
SO48012
SO48012
SO48012
SO48012
SO48012
SO48012
SO48012
SO48012
SO48012
SO48012
SO48012
SO48012
SO48012
SO48012
SO48012
SO48012
SO48012
SO48012
SO48012
SO48012
SO48013
SO48013
SO48013
SO48013
SO48013
SO48013
SO48014
SO48015
SO48015
SO48015
SO48015
SO48015
SO48015
SO48015
SO48015
SO48015
SO48016
SO48016
SO48016
SO48016
SO48016
SO48016
SO48016
SO48016
SO48016
SO48016
SO48016
SO48016
SO48016
SO48016
SO48016
SO48016
SO48016
SO48016
SO48016
SO48016
SO48016
SO48016
SO48016
SO48016
SO48016
SO48016
SO48016
SO48016
SO48016
SO48016
SO48016
SO48016
SO48016
SO48016
SO48016
SO48016
SO48016
SO48016
SO48016
SO48017
SO48017
SO48017
SO48017
SO48017
SO48017
SO48017
SO48017
SO48017
SO48017
SO48017
SO48017
SO48017
SO48017
SO48017
SO48017
SO48017
SO48017
SO48017
SO48017
SO48017
SO48017
SO48017
SO48017
SO48017
SO48017
SO48017
SO48017
SO48017
SO48017
SO48017
SO48017
SO48017
SO48017
SO48017
SO48017
SO48017
SO48017
SO48017
SO48017
SO48017
SO48017
SO48017
SO48017
SO48017
SO48017
SO48017
SO48018
SO48018
SO48018
SO48018
SO48018
SO48018
SO48018
SO48018
SO48018
SO48018
SO48018
SO48018
SO48018
SO48018
SO48018
SO48018
SO48018
SO48018
SO48018
SO48018
SO48018
SO48018
SO48018
SO48018
SO48018
SO48018
SO48018
SO48018
SO48018
SO48018
SO48018
SO48018
SO48018
SO48019
SO48020
SO48020
SO48020
SO48020
SO48020
SO48020
SO48020
SO48020
SO48021
SO48021
SO48021
SO48021
SO48021
SO48021
SO48021
SO48021
SO48021
SO48021
SO48021
SO48021
SO48021
SO48021
SO48021
SO48021
SO48021
SO48021
SO48021
SO48021
SO48021
SO48021
SO48021
SO48021
SO48021
SO48021
SO48022
SO48022
SO48022
SO48022
SO48023
SO48023
SO48023
SO48023
SO48023
SO48023
SO48023
SO48023
SO48023
SO48023
SO48023
SO48023
SO48023
SO48023
SO48023
SO48023
SO48023
SO48023
SO48023
SO48023
SO48024
SO48025
SO48025
SO48025
SO48025
SO48026
SO48026
SO48026
SO48026
SO48026
SO48026
SO48026
SO48026
SO48026
SO48026
SO48026
SO48026
SO48026
SO48026
SO48026
SO48026
SO48026
SO48026
SO48026
SO48026
SO48026
SO48026
SO48026
SO48026
SO48026
SO48026
SO48026
SO48026
SO48026
SO48026
SO48026
SO48026
SO48026
SO48027
SO48027
SO48027
SO48028
SO48028
SO48028
SO48028
SO48028
SO48028
SO48028
SO48028
SO48028
SO48028
SO48028
SO48028
SO48028
SO48028
SO48028
SO48028
SO48028
SO48028
SO48028
SO48028
SO48028
SO48028
SO48028
SO48028
SO48028
SO48028
SO48028
SO48028
SO48028
SO48028
SO48028
SO48028
SO48028
SO48028
SO48028
SO48028
SO48028
SO48028
SO48028
SO48028
SO48028
SO48028
SO48029
SO48030
SO48030
SO48030
SO48030
SO48030
SO48030
SO48030
SO48031
SO48031
SO48031
SO48031
SO48031
SO48031
SO48031
SO48031
SO48031
SO48031
SO48031
SO48031
SO48031
SO48031
SO48031
SO48031
SO48031
SO48031
SO48031
SO48031
SO48031
SO48031
SO48031
SO48031
SO48031
SO48031
SO48031
SO48031
SO48031
SO48031
SO48031
SO48031
SO48031
SO48031
SO48031
SO48031
SO48032
SO48032
SO48032
SO48032
SO48032
SO48032
SO48033
SO48033
SO48033
SO48033
SO48033
SO48033
SO48033
SO48033
SO48033
SO48033
SO48033
SO48033
SO48033
SO48033
SO48033
SO48033
SO48033
SO48033
SO48033
SO48033
SO48033
SO48033
SO48033
SO48033
SO48033
SO48033
SO48033
SO48033
SO48033
SO48033
SO48033
SO48033
SO48033
SO48033
SO48033
SO48033
SO48033
SO48033
SO48033
SO48033
SO48033
SO48033
SO48033
SO48033
SO48033
SO48034
SO48034
SO48034
SO48034
SO48034
SO48034
SO48034
SO48034
SO48035
SO48035
SO48035
SO48035
SO48035
SO48035
SO48035
SO48035
SO48035
SO48035
SO48035
SO48035
SO48035
SO48035
SO48035
SO48035
SO48035
SO48035
SO48035
SO48035
SO48035
SO48035
SO48035
SO48035
SO48035
SO48035
SO48035
SO48035
SO48035
SO48035
SO48035
SO48035
SO48035
SO48035
SO48035
SO48035
SO48035
SO48035
SO48035
SO48036
SO48036
SO48036
SO48036
SO48036
SO48036
SO48036
SO48036
SO48036
SO48036
SO48036
SO48036
SO48036
SO48036
SO48036
SO48036
SO48036
SO48036
SO48036
SO48036
SO48036
SO48036
SO48036
SO48036
SO48036
SO48036
SO48036
SO48036
SO48036
SO48036
SO48036
SO48036
SO48036
SO48036
SO48036
SO48036
SO48036
SO48036
SO48036
SO48036
SO48036
SO48036
SO48037
SO48037
SO48037
SO48037
SO48037
SO48037
SO48037
SO48037
SO48037
SO48037
SO48037
SO48037
SO48038
SO48038
SO48038
SO48038
SO48038
SO48038
SO48038
SO48038
SO48038
SO48038
SO48039
SO48039
SO48039
SO48040
SO48040
SO48040
SO48041
SO48041
SO48041
SO48041
SO48041
SO48041
SO48041
SO48041
SO48041
SO48042
SO48042
SO48042
SO48042
SO48042
SO48042
SO48042
SO48043
SO48043
SO48043
SO48043
SO48043
SO48043
SO48043
SO48043
SO48043
SO48043
SO48043
SO48043
SO48043
SO48043
SO48043
SO48043
SO48043
SO48043
SO48043
SO48043
SO48043
SO48043
SO48043
SO48043
SO48043
SO48043
SO48043
SO48043
SO48043
SO48043
SO48043
SO48043
SO48043
SO48043
SO48043
SO48043
SO48043
SO48043
SO48043
SO48043
SO48043
SO48043
SO48043
SO48043
SO48043
SO48043
SO48044
SO48044
SO48045
SO48045
SO48045
SO48045
SO48046
SO48046
SO48046
SO48046
SO48047
SO48048
SO48048
SO48048
SO48048
SO48048
SO48048
SO48048
SO48048
SO48048
SO48048
SO48048
SO48048
SO48048
SO48048
SO48048
SO48048
SO48048
SO48048
SO48048
SO48048
SO48048
SO48048
SO48048
SO48048
SO48048
SO48048
SO48048
SO48048
SO48048
SO48048
SO48048
SO48048
SO48048
SO48048
SO48048
SO48048
SO48048
SO48048
SO48048
SO48048
SO48048
SO48048
SO48048
SO48048
SO48048
SO48048
SO48048
SO48048
SO48048
SO48048
SO48048
SO48049
SO48049
SO48049
SO48049
SO48049
SO48049
SO48049
SO48049
SO48049
SO48049
SO48049
SO48049
SO48049
SO48049
SO48049
SO48049
SO48049
SO48049
SO48049
SO48049
SO48049
SO48049
SO48049
SO48049
SO48049
SO48049
SO48049
SO48049
SO48049
SO48049
SO48049
SO48049
SO48049
SO48049
SO48049
SO48050
SO48050
SO48050
SO48050
SO48050
SO48050
SO48050
SO48050
SO48050
SO48050
SO48050
SO48050
SO48050
SO48050
SO48050
SO48050
SO48050
SO48050
SO48050
SO48050
SO48050
SO48050
SO48050
SO48050
SO48051
SO48051
SO48051
SO48051
SO48051
SO48051
SO48051
SO48051
SO48051
SO48051
SO48051
SO48051
SO48051
SO48051
SO48051
SO48051
SO48051
SO48051
SO48051
SO48051
SO48051
SO48051
SO48051
SO48051
SO48052
SO48052
SO48052
SO48052
SO48052
SO48052
SO48052
SO48052
SO48052
SO48052
SO48052
SO48052
SO48052
SO48052
SO48052
SO48052
SO48052
SO48052
SO48052
SO48052
SO48052
SO48052
SO48052
SO48052
SO48052
SO48052
SO48052
SO48053
SO48053
SO48053
SO48053
SO48053
SO48053
SO48053
SO48053
SO48053
SO48053
SO48053
SO48053
SO48053
SO48053
SO48053
SO48053
SO48053
SO48053
SO48053
SO48053
SO48053
SO48053
SO48053
SO48053
SO48053
SO48053
SO48053
SO48054
SO48054
SO48054
SO48055
SO48055
SO48055
SO48056
SO48056
SO48056
SO48056
SO48056
SO48056
SO48056
SO48056
SO48056
SO48056
SO48056
SO48056
SO48056
SO48056
SO48056
SO48056
SO48056
SO48056
SO48056
SO48056
SO48056
SO48056
SO48056
SO48056
SO48056
SO48056
SO48056
SO48056
SO48056
SO48056
SO48056
SO48057
SO48057
SO48057
SO48057
SO48057
SO48057
SO48057
SO48057
SO48057
SO48057
SO48057
SO48057
SO48057
SO48057
SO48057
SO48057
SO48057
SO48057
SO48057
SO48057
SO48057
SO48057
SO48057
SO48057
SO48057
SO48057
SO48057
SO48057
SO48057
SO48057
SO48057
SO48057
SO48057
SO48057
SO48057
SO48057
SO48057
SO48057
SO48057
SO48057
SO48057
SO48057
SO48057
SO48057
SO48057
SO48057
SO48057
SO48057
SO48057
SO48057
SO48058
SO48059
SO48059
SO48059
SO48059
SO48059
SO48059
SO48059
SO48059
SO48059
SO48059
SO48059
SO48059
SO48059
SO48059
SO48059
SO48059
SO48059
SO48059
SO48059
SO48059
SO48059
SO48059
SO48059
SO48059
SO48059
SO48059
SO48059
SO48059
SO48059
SO48059
SO48059
SO48059
SO48059
SO48059
SO48059
SO48059
SO48059
SO48059
SO48059
SO48059
SO48059
SO48059
SO48059
SO48059
SO48059
SO48060
SO48060
SO48061
SO48062
SO48062
SO48062
SO48062
SO48062
SO48062
SO48062
SO48062
SO48062
SO48062
SO48063
SO48063
SO48063
SO48063
SO48063
SO48063
SO48063
SO48063
SO48063
SO48063
SO48063
SO48063
SO48063
SO48063
SO48063
SO48063
SO48063
SO48063
SO48063
SO48063
SO48063
SO48063
SO48063
SO48063
SO48063
SO48063
SO48063
SO48063
SO48063
SO48063
SO48063
SO48063
SO48063
SO48063
SO48063
SO48063
SO48063
SO48063
SO48063
SO48063
SO48063
SO48063
SO48063
SO48063
SO48063
SO48063
SO48063
SO48064
SO48065
SO48065
SO48065
SO48065
SO48065
SO48065
SO48065
SO48065
SO48065
SO48065
SO48065
SO48065
SO48065
SO48065
SO48065
SO48065
SO48065
SO48065
SO48065
SO48065
SO48065
SO48065
SO48065
SO48065
SO48065
SO48065
SO48065
SO48065
SO48065
SO48065
SO48065
SO48065
SO48065
SO48065
SO48065
SO48065
SO48065
SO48065
SO48065
SO48065
SO48065
SO48065
SO48065
SO48065
SO48065
SO48066
SO48066
SO48066
SO48066
SO48066
SO48066
SO48066
SO48066
SO48066
SO48066
SO48066
SO48066
SO48066
SO48066
SO48066
SO48066
SO48066
SO48066
SO48066
SO48066
SO48066
SO48066
SO48067
SO48068
SO48068
SO48068
SO48068
SO48068
SO48068
SO48068
SO48069
SO48069
SO48069
SO48069
SO48069
SO48069
SO48069
SO48069
SO48069
SO48069
SO48069
SO48069
SO48069
SO48069
SO48069
SO48069
SO48069
SO48069
SO48069
SO48069
SO48069
SO48069
SO48069
SO48069
SO48069
SO48069
SO48069
SO48069
SO48069
SO48069
SO48069
SO48069
SO48069
SO48069
SO48069
SO48069
SO48069
SO48069
SO48069
SO48069
SO48070
SO48071
SO48071
SO48071
SO48071
SO48071
SO48071
SO48071
SO48071
SO48071
SO48071
SO48071
SO48071
SO48071
SO48071
SO48071
SO48071
SO48071
SO48071
SO48071
SO48071
SO48071
SO48071
SO48071
SO48071
SO48071
SO48071
SO48071
SO48072
SO48072
SO48072
SO48072
SO48072
SO48073
SO48073
SO48073
SO48073
SO48073
SO48073
SO48074
SO48075
SO48075
SO48075
SO48075
SO48075
SO48075
SO48075
SO48075
SO48075
SO48075
SO48075
SO48075
SO48075
SO48075
SO48076
SO48076
SO48076
SO48076
SO48076
SO48076
SO48076
SO48076
SO48076
SO48076
SO48076
SO48076
SO48076
SO48076
SO48076
SO48076
SO48076
SO48076
SO48076
SO48076
SO48076
SO48076
SO48076
SO48076
SO48076
SO48076
SO48076
SO48076
SO48076
SO48076
SO48076
SO48076
SO48076
SO48076
SO48077
SO48077
SO48077
SO48077
SO48077
SO48077
SO48077
SO48077
SO48077
SO48077
SO48077
SO48077
SO48077
SO48077
SO48077
SO48077
SO48077
SO48077
SO48077
SO48077
SO48077
SO48077
SO48077
SO48077
SO48077
SO48077
SO48077
SO48077
SO48077
SO48077
SO48077
SO48077
SO48077
SO48077
SO48077
SO48077
SO48077
SO48077
SO48077
SO48077
SO48078
SO48079
SO48079
SO48079
SO48079
SO48079
SO48079
SO48079
SO48079
SO48079
SO48079
SO48079
SO48079
SO48079
SO48079
SO48079
SO48079
SO48079
SO48079
SO48079
SO48079
SO48079
SO48079
SO48079
SO48079
SO48079
SO48079
SO48079
SO48079
SO48080
SO48080
SO48080
SO48080
SO48080
SO48080
SO48080
SO48080
SO48080
SO48080
SO48080
SO48080
SO48080
SO48080
SO48080
SO48080
SO48080
SO48080
SO48080
SO48080
SO48080
SO48080
SO48080
SO48080
SO48080
SO48080
SO48080
SO48080
SO48080
SO48080
SO48080
SO48080
SO48080
SO48080
SO48080
SO48080
SO48080
SO48080
SO48080
SO48080
SO48080
SO48080
SO48080
SO48080
SO48080
SO48080
SO48081
SO48082
SO48083
SO48083
SO48083
SO48083
SO48083
SO48083
SO48083
SO48083
SO48083
SO48083
SO48084
SO48084
SO48084
SO48084
SO48084
SO48084
SO48084
SO48084
SO48084
SO48084
SO48084
SO48085
SO48085
SO48086
SO48087
SO48087
SO48087
SO48087
SO48087
SO48087
SO48087
SO48087
SO48087
SO48087
SO48087
SO48087
SO48087
SO48087
SO48087
SO48087
SO48087
SO48087
SO48087
SO48087
SO48087
SO48087
SO48087
SO48087
SO48087
SO48087
SO48087
SO48087
SO48087
SO48087
SO48087
SO48088
SO48088
SO48088
SO48088
SO48089
SO48089
SO48089
SO48089
SO48089
SO48089
SO48089
SO48089
SO48089
SO48089
SO48089
SO48089
SO48089
SO48089
SO48089
SO48089
SO48089
SO48089
SO48089
SO48089
SO48089
SO48089
SO48089
SO48089
SO48089
SO48089
SO48089
SO48089
SO48089
SO48089
SO48089
SO48089
SO48089
SO48089
SO48089
SO48089
SO48089
SO48089
SO48089
SO48089
SO48090
SO48090
SO48090
SO48090
SO48090
SO48090
SO48090
SO48090
SO48090
SO48090
SO48090
SO48090
SO48091
SO48092
SO48092
SO48092
SO48286
SO48286
SO48286
SO48287
SO48288
SO48288
SO48289
SO48289
SO48289
SO48290
SO48290
SO48290
SO48290
SO48290
SO48290
SO48290
SO48290
SO48290
SO48291
SO48292
SO48292
SO48292
SO48292
SO48292
SO48292
SO48292
SO48292
SO48292
SO48292
SO48292
SO48292
SO48292
SO48292
SO48292
SO48292
SO48292
SO48292
SO48292
SO48292
SO48292
SO48292
SO48292
SO48292
SO48292
SO48292
SO48292
SO48292
SO48293
SO48293
SO48293
SO48293
SO48293
SO48293
SO48293
SO48293
SO48293
SO48293
SO48293
SO48293
SO48293
SO48293
SO48293
SO48293
SO48293
SO48293
SO48293
SO48293
SO48293
SO48294
SO48295
SO48295
SO48295
SO48295
SO48295
SO48295
SO48295
SO48295
SO48295
SO48295
SO48295
SO48295
SO48295
SO48295
SO48295
SO48295
SO48295
SO48295
SO48295
SO48295
SO48295
SO48295
SO48295
SO48295
SO48295
SO48295
SO48295
SO48295
SO48295
SO48295
SO48295
SO48295
SO48295
SO48295
SO48295
SO48295
SO48295
SO48295
SO48295
SO48295
SO48295
SO48295
SO48295
SO48295
SO48295
SO48295
SO48295
SO48295
SO48295
SO48295
SO48295
SO48295
SO48295
SO48295
SO48295
SO48295
SO48296
SO48296
SO48296
SO48296
SO48296
SO48296
SO48296
SO48296
SO48296
SO48296
SO48296
SO48296
SO48296
SO48296
SO48296
SO48296
SO48296
SO48296
SO48296
SO48296
SO48296
SO48296
SO48296
SO48296
SO48296
SO48296
SO48296
SO48296
SO48296
SO48296
SO48296
SO48296
SO48296
SO48296
SO48296
SO48296
SO48296
SO48297
SO48297
SO48297
SO48297
SO48297
SO48297
SO48297
SO48297
SO48298
SO48299
SO48299
SO48299
SO48299
SO48299
SO48299
SO48299
SO48299
SO48299
SO48299
SO48299
SO48299
SO48299
SO48299
SO48299
SO48299
SO48299
SO48299
SO48299
SO48299
SO48299
SO48299
SO48299
SO48299
SO48299
SO48299
SO48299
SO48299
SO48299
SO48299
SO48299
SO48299
SO48299
SO48299
SO48299
SO48299
SO48299
SO48299
SO48299
SO48299
SO48299
SO48299
SO48299
SO48300
SO48301
SO48302
SO48303
SO48304
SO48304
SO48304
SO48304
SO48304
SO48304
SO48305
SO48306
SO48306
SO48306
SO48306
SO48306
SO48306
SO48306
SO48306
SO48306
SO48306
SO48306
SO48306
SO48306
SO48306
SO48306
SO48306
SO48306
SO48306
SO48306
SO48306
SO48306
SO48306
SO48306
SO48306
SO48306
SO48306
SO48306
SO48306
SO48306
SO48306
SO48306
SO48306
SO48306
SO48306
SO48306
SO48306
SO48306
SO48306
SO48306
SO48306
SO48306
SO48306
SO48306
SO48306
SO48306
SO48306
SO48306
SO48306
SO48306
SO48307
SO48307
SO48307
SO48307
SO48307
SO48307
SO48307
SO48307
SO48307
SO48307
SO48307
SO48307
SO48307
SO48307
SO48307
SO48307
SO48307
SO48307
SO48307
SO48307
SO48307
SO48307
SO48307
SO48307
SO48307
SO48307
SO48307
SO48307
SO48307
SO48307
SO48307
SO48307
SO48307
SO48307
SO48307
SO48307
SO48307
SO48307
SO48307
SO48307
SO48307
SO48307
SO48307
SO48307
SO48307
SO48307
SO48307
SO48307
SO48307
SO48307
SO48307
SO48307
SO48308
SO48308
SO48308
SO48308
SO48308
SO48308
SO48308
SO48309
SO48309
SO48310
SO48310
SO48310
SO48310
SO48310
SO48310
SO48310
SO48310
SO48310
SO48310
SO48310
SO48310
SO48310
SO48310
SO48310
SO48310
SO48310
SO48310
SO48310
SO48310
SO48310
SO48310
SO48310
SO48310
SO48311
SO48311
SO48311
SO48311
SO48311
SO48311
SO48311
SO48311
SO48311
SO48311
SO48311
SO48311
SO48311
SO48311
SO48311
SO48311
SO48311
SO48311
SO48311
SO48311
SO48311
SO48311
SO48311
SO48311
SO48311
SO48311
SO48311
SO48311
SO48311
SO48311
SO48311
SO48311
SO48311
SO48311
SO48311
SO48311
SO48311
SO48311
SO48311
SO48311
SO48311
SO48311
SO48311
SO48311
SO48311
SO48311
SO48311
SO48311
SO48311
SO48311
SO48311
SO48311
SO48311
SO48311
SO48311
SO48311
SO48312
SO48312
SO48313
SO48313
SO48313
SO48313
SO48313
SO48313
SO48313
SO48313
SO48313
SO48313
SO48313
SO48314
SO48314
SO48314
SO48314
SO48314
SO48314
SO48314
SO48315
SO48316
SO48317
SO48317
SO48317
SO48317
SO48317
SO48317
SO48317
SO48317
SO48317
SO48317
SO48317
SO48317
SO48317
SO48317
SO48317
SO48317
SO48317
SO48317
SO48317
SO48317
SO48317
SO48317
SO48317
SO48317
SO48317
SO48317
SO48317
SO48317
SO48317
SO48317
SO48317
SO48317
SO48317
SO48318
SO48318
SO48318
SO48318
SO48318
SO48318
SO48318
SO48318
SO48318
SO48318
SO48318
SO48318
SO48318
SO48318
SO48318
SO48318
SO48318
SO48318
SO48318
SO48318
SO48318
SO48318
SO48318
SO48318
SO48318
SO48318
SO48318
SO48318
SO48318
SO48318
SO48318
SO48318
SO48319
SO48319
SO48320
SO48320
SO48320
SO48320
SO48321
SO48321
SO48321
SO48321
SO48321
SO48321
SO48321
SO48321
SO48321
SO48321
SO48321
SO48321
SO48321
SO48321
SO48321
SO48321
SO48321
SO48321
SO48321
SO48321
SO48321
SO48321
SO48321
SO48321
SO48321
SO48321
SO48321
SO48321
SO48321
SO48322
SO48323
SO48323
SO48323
SO48323
SO48324
SO48324
SO48324
SO48325
SO48325
SO48325
SO48325
SO48325
SO48325
SO48325
SO48325
SO48325
SO48325
SO48325
SO48325
SO48325
SO48325
SO48325
SO48325
SO48325
SO48325
SO48325
SO48325
SO48325
SO48325
SO48325
SO48325
SO48325
SO48325
SO48325
SO48325
SO48325
SO48325
SO48325
SO48325
SO48325
SO48325
SO48325
SO48325
SO48325
SO48325
SO48325
SO48325
SO48325
SO48326
SO48326
SO48326
SO48327
SO48327
SO48327
SO48327
SO48327
SO48327
SO48327
SO48328
SO48328
SO48328
SO48328
SO48328
SO48328
SO48328
SO48328
SO48328
SO48328
SO48328
SO48328
SO48328
SO48328
SO48328
SO48328
SO48328
SO48328
SO48328
SO48328
SO48328
SO48328
SO48329
SO48329
SO48330
SO48331
SO48331
SO48331
SO48331
SO48332
SO48332
SO48332
SO48332
SO48332
SO48332
SO48332
SO48332
SO48332
SO48332
SO48332
SO48332
SO48332
SO48332
SO48332
SO48332
SO48332
SO48332
SO48332
SO48332
SO48332
SO48332
SO48332
SO48332
SO48332
SO48333
SO48333
SO48333
SO48333
SO48333
SO48333
SO48333
SO48333
SO48333
SO48333
SO48333
SO48333
SO48333
SO48333
SO48333
SO48333
SO48333
SO48333
SO48333
SO48333
SO48333
SO48333
SO48333
SO48333
SO48333
SO48333
SO48333
SO48333
SO48333
SO48333
SO48334
SO48335
SO48335
SO48336
SO48336
SO48336
SO48336
SO48336
SO48336
SO48336
SO48336
SO48336
SO48336
SO48336
SO48336
SO48336
SO48336
SO48336
SO48336
SO48336
SO48336
SO48336
SO48336
SO48336
SO48336
SO48336
SO48336
SO48336
SO48336
SO48336
SO48336
SO48336
SO48336
SO48336
SO48336
SO48336
SO48336
SO48336
SO48336
SO48336
SO48336
SO48336
SO48336
SO48336
SO48336
SO48336
SO48336
SO48336
SO48336
SO48336
SO48336
SO48336
SO48336
SO48336
SO48336
SO48336
SO48336
SO48336
SO48336
SO48337
SO48337
SO48337
SO48337
SO48337
SO48337
SO48338
SO48338
SO48338
SO48338
SO48338
SO48338
SO48338
SO48338
SO48338
SO48338
SO48338
SO48338
SO48339
SO48339
SO48339
SO48339
SO48339
SO48339
SO48339
SO48339
SO48339
SO48339
SO48339
SO48339
SO48339
SO48339
SO48339
SO48339
SO48339
SO48339
SO48339
SO48339
SO48339
SO48339
SO48339
SO48339
SO48339
SO48339
SO48339
SO48339
SO48339
SO48339
SO48339
SO48339
SO48339
SO48339
SO48339
SO48339
SO48339
SO48339
SO48339
SO48339
SO48339
SO48339
SO48339
SO48339
SO48339
SO48339
SO48340
SO48340
SO48340
SO48340
SO48340
SO48340
SO48340
SO48340
SO48340
SO48340
SO48340
SO48340
SO48340
SO48340
SO48340
SO48340
SO48340
SO48340
SO48340
SO48341
SO48341
SO48341
SO48341
SO48341
SO48341
SO48341
SO48341
SO48341
SO48341
SO48341
SO48341
SO48341
SO48341
SO48341
SO48341
SO48341
SO48341
SO48341
SO48341
SO48341
SO48341
SO48341
SO48341
SO48341
SO48341
SO48341
SO48341
SO48341
SO48341
SO48341
SO48341
SO48341
SO48341
SO48341
SO48341
SO48341
SO48341
SO48341
SO48341
SO48341
SO48341
SO48341
SO48341
SO48341
SO48341
SO48341
SO48341
SO48342
SO48342
SO48343
SO48343
SO48343
SO48344
SO48345
SO48345
SO48345
SO48345
SO48345
SO48345
SO48346
SO48347
SO48347
SO48347
SO48347
SO48347
SO48347
SO48347
SO48347
SO48347
SO48347
SO48347
SO48347
SO48347
SO48347
SO48347
SO48347
SO48347
SO48347
SO48347
SO48347
SO48347
SO48347
SO48347
SO48347
SO48347
SO48347
SO48347
SO48347
SO48347
SO48347
SO48347
SO48347
SO48347
SO48347
SO48347
SO48347
SO48347
SO48347
SO48347
SO48347
SO48347
SO48347
SO48347
SO48347
SO48347
SO48347
SO48348
SO48348
SO48348
SO48348
SO48348
SO48348
SO48348
SO48348
SO48349
SO48349
SO48349
SO48349
SO48349
SO48349
SO48349
SO48349
SO48349
SO48349
SO48349
SO48349
SO48349
SO48349
SO48349
SO48349
SO48349
SO48349
SO48349
SO48349
SO48349
SO48349
SO48349
SO48349
SO48349
SO48349
SO48349
SO48349
SO48349
SO48349
SO48349
SO48349
SO48349
SO48349
SO48349
SO48349
SO48349
SO48349
SO48349
SO48349
SO48350
SO48350
SO48350
SO48350
SO48350
SO48350
SO48350
SO48350
SO48350
SO48350
SO48350
SO48350
SO48350
SO48350
SO48350
SO48350
SO48350
SO48350
SO48350
SO48350
SO48351
SO48351
SO48351
SO48351
SO48351
SO48351
SO48351
SO48351
SO48351
SO48351
SO48351
SO48351
SO48351
SO48351
SO48351
SO48351
SO48351
SO48351
SO48351
SO48351
SO48351
SO48351
SO48351
SO48351
SO48351
SO48351
SO48351
SO48352
SO48352
SO48352
SO48353
SO48353
SO48354
SO48355
SO48355
SO48356
SO48356
SO48356
SO48356
SO48356
SO48356
SO48356
SO48356
SO48356
SO48356
SO48356
SO48356
SO48356
SO48356
SO48356
SO48356
SO48356
SO48356
SO48356
SO48356
SO48356
SO48356
SO48356
SO48357
SO48357
SO48357
SO48358
SO48359
SO48359
SO48359
SO48359
SO48359
SO48359
SO48359
SO48359
SO48359
SO48359
SO48359
SO48359
SO48359
SO48359
SO48359
SO48359
SO48359
SO48359
SO48359
SO48359
SO48359
SO48359
SO48359
SO48359
SO48359
SO48359
SO48359
SO48359
SO48359
SO48359
SO48359
SO48359
SO48359
SO48359
SO48359
SO48359
SO48359
SO48359
SO48359
SO48359
SO48359
SO48359
SO48359
SO48359
SO48359
SO48359
SO48359
SO48360
SO48360
SO48360
SO48360
SO48360
SO48360
SO48360
SO48361
SO48361
SO48361
SO48361
SO48361
SO48361
SO48361
SO48361
SO48362
SO48363
SO48363
SO48363
SO48363
SO48363
SO48363
SO48363
SO48363
SO48363
SO48363
SO48363
SO48363
SO48363
SO48363
SO48363
SO48363
SO48363
SO48363
SO48363
SO48363
SO48363
SO48363
SO48363
SO48363
SO48363
SO48363
SO48363
SO48363
SO48363
SO48363
SO48363
SO48363
SO48363
SO48363
SO48363
SO48363
SO48363
SO48363
SO48363
SO48363
SO48363
SO48363
SO48363
SO48363
SO48363
SO48363
SO48363
SO48363
SO48363
SO48364
SO48364
SO48364
SO48364
SO48364
SO48364
SO48364
SO48365
SO48365
SO48365
SO48365
SO48365
SO48365
SO48365
SO48366
SO48366
SO48366
SO48366
SO48367
SO48367
SO48367
SO48367
SO48367
SO48368
SO48369
SO48369
SO48369
SO48369
SO48369
SO48369
SO48369
SO48369
SO48369
SO48369
SO48370
SO48370
SO48370
SO48370
SO48370
SO48370
SO48370
SO48370
SO48370
SO48370
SO48370
SO48370
SO48370
SO48370
SO48370
SO48370
SO48370
SO48370
SO48370
SO48370
SO48370
SO48371
SO48371
SO48371
SO48371
SO48371
SO48371
SO48371
SO48371
SO48372
SO48372
SO48373
SO48373
SO48373
SO48373
SO48373
SO48373
SO48373
SO48373
SO48373
SO48373
SO48373
SO48373
SO48373
SO48373
SO48373
SO48373
SO48373
SO48373
SO48373
SO48373
SO48373
SO48373
SO48373
SO48373
SO48373
SO48373
SO48373
SO48373
SO48373
SO48373
SO48373
SO48373
SO48374
SO48374
SO48374
SO48374
SO48374
SO48374
SO48374
SO48374
SO48374
SO48375
SO48375
SO48375
SO48375
SO48375
SO48375
SO48375
SO48375
SO48375
SO48375
SO48375
SO48375
SO48375
SO48375
SO48375
SO48375
SO48375
SO48375
SO48375
SO48375
SO48375
SO48375
SO48375
SO48375
SO48375
SO48375
SO48375
SO48375
SO48375
SO48375
SO48375
SO48375
SO48375
SO48375
SO48375
SO48375
SO48375
SO48375
SO48375
SO48375
SO48375
SO48375
SO48375
SO48375
SO48375
SO48376
SO48377
SO48378
SO48378
SO48378
SO48378
SO48378
SO48378
SO48378
SO48378
SO48378
SO48378
SO48378
SO48378
SO48378
SO48378
SO48378
SO48378
SO48378
SO48378
SO48378
SO48378
SO48378
SO48378
SO48378
SO48378
SO48378
SO48378
SO48378
SO48378
SO48378
SO48378
SO48378
SO48378
SO48378
SO48378
SO48378
SO48378
SO48378
SO48378
SO48378
SO48378
SO48378
SO48378
SO48378
SO48378
SO48378
SO48378
SO48379
SO48379
SO48379
SO48379
SO48379
SO48379
SO48379
SO48379
SO48380
SO48380
SO48380
SO48380
SO48380
SO48380
SO48380
SO48380
SO48380
SO48380
SO48380
SO48380
SO48380
SO48380
SO48380
SO48380
SO48380
SO48380
SO48380
SO48380
SO48380
SO48380
SO48380
SO48380
SO48380
SO48380
SO48380
SO48381
SO48381
SO48381
SO48381
SO48381
SO48381
SO48381
SO48381
SO48381
SO48382
SO48383
SO48383
SO48383
SO48383
SO48384
SO48384
SO48384
SO48384
SO48384
SO48384
SO48384
SO48384
SO48384
SO48384
SO48384
SO48384
SO48384
SO48384
SO48384
SO48384
SO48384
SO48384
SO48384
SO48384
SO48384
SO48384
SO48384
SO48384
SO48384
SO48384
SO48384
SO48384
SO48384
SO48384
SO48385
SO48385
SO48385
SO48385
SO48385
SO48385
SO48386
SO48386
SO48386
SO48386
SO48386
SO48386
SO48386
SO48386
SO48386
SO48386
SO48386
SO48386
SO48386
SO48386
SO48386
SO48386
SO48386
SO48386
SO48386
SO48386
SO48386
SO48386
SO48386
SO48386
SO48386
SO48386
SO48386
SO48386
SO48386
SO48386
SO48386
SO48386
SO48386
SO48386
SO48386
SO48386
SO48386
SO48386
SO48386
SO48386
SO48386
SO48387
SO48387
SO48387
SO48387
SO48387
SO48387
SO48388
SO48388
SO48389
SO48389
SO48389
SO48389
SO48389
SO48389
SO48389
SO48389
SO48389
SO48389
SO48389
SO48389
SO48389
SO48389
SO48389
SO48389
SO48389
SO48389
SO48389
SO48389
SO48389
SO48389
SO48389
SO48389
SO48389
SO48389
SO48389
SO48389
SO48389
SO48389
SO48390
SO48390
SO48390
SO48390
SO48390
SO48390
SO48390
SO48390
SO48390
SO48390
SO48391
SO48391
SO48391
SO48391
SO48392
SO48392
SO48392
SO48392
SO48392
SO48392
SO48392
SO48392
SO48392
SO48392
SO48392
SO48392
SO48392
SO48392
SO48392
SO48392
SO48392
SO48392
SO48392
SO48392
SO48392
SO48392
SO48392
SO48392
SO48392
SO48392
SO48392
SO48392
SO48392
SO48392
SO48392
SO48392
SO48392
SO48392
SO48392
SO48392
SO48392
SO48392
SO48392
SO48392
SO48392
SO48392
SO48392
SO48392
SO48392
SO48392
SO48392
SO48392
SO48392
SO48392
SO48393
SO48393
SO48393
SO48393
SO48393
SO48393
SO48393
SO48393
SO48393
SO48393
SO48393
SO48393
SO48393
SO48393
SO48393
SO48393
SO48393
SO48393
SO48393
SO48393
SO48393
SO48393
SO48393
SO48393
SO48393
SO48393
SO48393
SO48393
SO48393
SO48393
SO48393
SO48393
SO48393
SO48393
SO48393
SO48393
SO48393
SO48393
SO48394
SO48395
SO48395
SO48395
SO48395
SO48395
SO48395
SO48395
SO48395
SO48395
SO48395
SO48395
SO48395
SO48395
SO48395
SO48395
SO48395
SO48395
SO48395
SO48395
SO48395
SO48395
SO48395
SO48395
SO48395
SO48395
SO48395
SO48395
SO48395
SO48395
SO48395
SO48395
SO48395
SO48395
SO48395
SO48396
SO48396
SO48396
SO48396
SO48396
SO48396
SO48396
SO48396
SO48396
SO48396
SO48396
SO48396
SO48396
SO48396
SO48396
SO48396
SO48396
SO48396
SO48396
SO48396
SO48396
SO48396
SO48396
SO48396
SO48396
SO48396
SO48396
SO48397
SO48397
SO48397
SO48397
SO48397
SO48397
SO48397
SO48397
SO48397
SO48397
SO48397
SO48397
SO48397
SO48397
SO48397
SO48397
SO48397
SO48397
SO48397
SO48397
SO48397
SO48397
SO48397
SO48397
SO48397
SO48397
SO48398
SO48398
SO48398
SO48399
SO48399
SO48399
SO48399
SO48399
SO48730
SO48730
SO48730
SO48730
SO48730
SO48730
SO48730
SO48730
SO48730
SO48730
SO48730
SO48730
SO48730
SO48730
SO48730
SO48730
SO48730
SO48730
SO48730
SO48730
SO48730
SO48730
SO48731
SO48731
SO48731
SO48731
SO48731
SO48732
SO48732
SO48732
SO48733
SO48733
SO48733
SO48734
SO48734
SO48734
SO48734
SO48734
SO48734
SO48734
SO48734
SO48734
SO48734
SO48734
SO48734
SO48734
SO48734
SO48734
SO48734
SO48734
SO48734
SO48734
SO48734
SO48734
SO48734
SO48735
SO48735
SO48735
SO48735
SO48735
SO48735
SO48735
SO48735
SO48735
SO48735
SO48735
SO48735
SO48735
SO48735
SO48735
SO48735
SO48735
SO48735
SO48735
SO48735
SO48735
SO48735
SO48735
SO48735
SO48735
SO48735
SO48736
SO48737
SO48737
SO48737
SO48738
SO48738
SO48738
SO48738
SO48739
SO48739
SO48739
SO48739
SO48739
SO48739
SO48739
SO48739
SO48739
SO48739
SO48739
SO48739
SO48739
SO48739
SO48740
SO48740
SO48740
SO48740
SO48740
SO48740
SO48740
SO48740
SO48740
SO48740
SO48740
SO48740
SO48740
SO48740
SO48740
SO48740
SO48740
SO48740
SO48740
SO48740
SO48740
SO48740
SO48740
SO48740
SO48740
SO48741
SO48741
SO48741
SO48741
SO48741
SO48741
SO48741
SO48741
SO48741
SO48741
SO48741
SO48741
SO48741
SO48741
SO48741
SO48741
SO48741
SO48741
SO48741
SO48741
SO48741
SO48742
SO48743
SO48744
SO48744
SO48744
SO48744
SO48744
SO48744
SO48744
SO48744
SO48744
SO48744
SO48744
SO48744
SO48744
SO48744
SO48744
SO48745
SO48745
SO48745
SO48745
SO48745
SO48745
SO48745
SO48745
SO48745
SO48745
SO48745
SO48745
SO48745
SO48745
SO48745
SO48745
SO48745
SO48745
SO48745
SO48745
SO48745
SO48745
SO48745
SO48746
SO48746
SO48746
SO48746
SO48746
SO48746
SO48746
SO48746
SO48746
SO48746
SO48746
SO48746
SO48746
SO48746
SO48746
SO48746
SO48746
SO48746
SO48746
SO48746
SO48747
SO48747
SO48747
SO48747
SO48747
SO48748
SO48748
SO48748
SO48748
SO48749
SO48749
SO48749
SO48749
SO48750
SO48750
SO48750
SO48750
SO48750
SO48750
SO48750
SO48750
SO48750
SO48750
SO48750
SO48750
SO48750
SO48750
SO48750
SO48750
SO48750
SO48750
SO48750
SO48750
SO48750
SO48750
SO48750
SO48750
SO48750
SO48750
SO48750
SO48750
SO48750
SO48750
SO48750
SO48750
SO48750
SO48750
SO48750
SO48750
SO48750
SO48750
SO48750
SO48750
SO48750
SO48750
SO48750
SO48750
SO48751
SO48751
SO48751
SO48751
SO48751
SO48751
SO48751
SO48751
SO48751
SO48751
SO48751
SO48751
SO48751
SO48751
SO48751
SO48751
SO48751
SO48751
SO48751
SO48751
SO48751
SO48751
SO48751
SO48751
SO48751
SO48751
SO48751
SO48752
SO48753
SO48753
SO48753
SO48753
SO48753
SO48753
SO48753
SO48753
SO48753
SO48753
SO48753
SO48753
SO48753
SO48754
SO48754
SO48754
SO48754
SO48754
SO48754
SO48754
SO48754
SO48754
SO48754
SO48754
SO48754
SO48754
SO48754
SO48754
SO48754
SO48754
SO48754
SO48754
SO48754
SO48754
SO48754
SO48754
SO48754
SO48754
SO48754
SO48754
SO48754
SO48754
SO48754
SO48754
SO48754
SO48754
SO48754
SO48754
SO48754
SO48754
SO48754
SO48754
SO48754
SO48754
SO48755
SO48755
SO48755
SO48755
SO48755
SO48755
SO48755
SO48755
SO48755
SO48755
SO48755
SO48755
SO48755
SO48755
SO48755
SO48755
SO48755
SO48755
SO48756
SO48757
SO48757
SO48757
SO48757
SO48757
SO48757
SO48757
SO48757
SO48757
SO48757
SO48757
SO48757
SO48757
SO48757
SO48757
SO48757
SO48757
SO48757
SO48757
SO48757
SO48758
SO48758
SO48758
SO48758
SO48758
SO48758
SO48758
SO48758
SO48758
SO48758
SO48758
SO48758
SO48758
SO48758
SO48758
SO48758
SO48758
SO48758
SO48758
SO48758
SO48758
SO48758
SO48758
SO48758
SO48758
SO48758
SO48758
SO48758
SO48758
SO48758
SO48758
SO48758
SO48758
SO48758
SO48758
SO48758
SO48758
SO48758
SO48758
SO48758
SO48759
SO48759
SO48760
SO48760
SO48760
SO48760
SO48760
SO48760
SO48760
SO48760
SO48760
SO48760
SO48760
SO48760
SO48760
SO48760
SO48760
SO48760
SO48760
SO48760
SO48760
SO48761
SO48761
SO48761
SO48761
SO48761
SO48761
SO48761
SO48761
SO48761
SO48761
SO48761
SO48761
SO48761
SO48761
SO48761
SO48761
SO48761
SO48761
SO48761
SO48761
SO48761
SO48761
SO48761
SO48761
SO48761
SO48761
SO48761
SO48761
SO48761
SO48761
SO48761
SO48761
SO48761
SO48761
SO48761
SO48761
SO48762
SO48762
SO48762
SO48762
SO48763
SO48763
SO48763
SO48763
SO48763
SO48763
SO48763
SO48763
SO48763
SO48763
SO48763
SO48763
SO48763
SO48763
SO48763
SO48763
SO48763
SO48764
SO48764
SO48764
SO48764
SO48764
SO48764
SO48764
SO48764
SO48764
SO48764
SO48764
SO48764
SO48764
SO48764
SO48764
SO48764
SO48764
SO48764
SO48764
SO48764
SO48764
SO48764
SO48764
SO48764
SO48764
SO48764
SO48764
SO48764
SO48765
SO48765
SO48765
SO48765
SO48766
SO48766
SO48766
SO48766
SO48766
SO48766
SO48766
SO48766
SO48766
SO48766
SO48766
SO48766
SO48766
SO48766
SO48766
SO48766
SO48766
SO48766
SO48766
SO48766
SO48766
SO48766
SO48766
SO48766
SO48766
SO48766
SO48766
SO48766
SO48766
SO48766
SO48766
SO48766
SO48766
SO48766
SO48766
SO48766
SO48766
SO48766
SO48766
SO48766
SO48767
SO48767
SO48767
SO48767
SO48767
SO48767
SO48767
SO48767
SO48767
SO48767
SO48767
SO48767
SO48767
SO48768
SO48768
SO48768
SO48768
SO48768
SO48768
SO48768
SO48768
SO48768
SO48768
SO48768
SO48768
SO48768
SO48769
SO48769
SO48769
SO48769
SO48769
SO48769
SO48769
SO48769
SO48769
SO48769
SO48769
SO48769
SO48769
SO48769
SO48769
SO48769
SO48769
SO48769
SO48769
SO48769
SO48769
SO48769
SO48769
SO48769
SO48769
SO48769
SO48769
SO48769
SO48769
SO48769
SO48769
SO48769
SO48769
SO48769
SO48769
SO48769
SO48770
SO48770
SO48770
SO48770
SO48770
SO48770
SO48770
SO48770
SO48770
SO48770
SO48770
SO48770
SO48770
SO48770
SO48770
SO48770
SO48770
SO48770
SO48770
SO48770
SO48770
SO48770
SO48770
SO48771
SO48771
SO48771
SO48771
SO48771
SO48771
SO48771
SO48771
SO48771
SO48771
SO48771
SO48771
SO48771
SO48771
SO48771
SO48771
SO48771
SO48771
SO48771
SO48771
SO48771
SO48771
SO48771
SO48771
SO48771
SO48771
SO48771
SO48771
SO48771
SO48771
SO48771
SO48771
SO48771
SO48771
SO48771
SO48771
SO48771
SO48771
SO48771
SO48772
SO48772
SO48772
SO48772
SO48772
SO48772
SO48773
SO48773
SO48773
SO48773
SO48773
SO48774
SO48774
SO48774
SO48774
SO48774
SO48775
SO48775
SO48775
SO48775
SO48775
SO48775
SO48775
SO48775
SO48775
SO48775
SO48775
SO48775
SO48775
SO48775
SO48775
SO48775
SO48775
SO48775
SO48775
SO48775
SO48775
SO48775
SO48775
SO48775
SO48775
SO48775
SO48775
SO48775
SO48775
SO48775
SO48776
SO48776
SO48776
SO48776
SO48776
SO48776
SO48776
SO48776
SO48776
SO48776
SO48776
SO48776
SO48776
SO48776
SO48776
SO48776
SO48776
SO48776
SO48776
SO48776
SO48776
SO48777
SO48777
SO48777
SO48777
SO48778
SO48778
SO48778
SO48778
SO48778
SO48778
SO48778
SO48778
SO48778
SO48778
SO48778
SO48778
SO48778
SO48778
SO48778
SO48778
SO48778
SO48778
SO48778
SO48778
SO48778
SO48778
SO48778
SO48778
SO48778
SO48778
SO48778
SO48778
SO48778
SO48778
SO48778
SO48778
SO48778
SO48778
SO48778
SO48778
SO48778
SO48778
SO48778
SO48778
SO48778
SO48778
SO48779
SO48779
SO48779
SO48779
SO48780
SO48780
SO48780
SO48780
SO48780
SO48780
SO48780
SO48780
SO48780
SO48780
SO48780
SO48780
SO48780
SO48780
SO48780
SO48780
SO48780
SO48780
SO48780
SO48780
SO48780
SO48780
SO48780
SO48780
SO48780
SO48780
SO48780
SO48780
SO48780
SO48781
SO48781
SO48782
SO48783
SO48784
SO48784
SO48785
SO48785
SO48785
SO48785
SO48785
SO48786
SO48786
SO48786
SO48786
SO48786
SO48786
SO48786
SO48786
SO48786
SO48786
SO48786
SO48786
SO48786
SO48786
SO48786
SO48786
SO48786
SO48786
SO48786
SO48786
SO48786
SO48786
SO48786
SO48786
SO48786
SO48786
SO48786
SO48786
SO48786
SO48786
SO48786
SO48786
SO48786
SO48786
SO48786
SO48786
SO48786
SO48786
SO48786
SO48786
SO48786
SO48786
SO48786
SO48787
SO48787
SO48787
SO48787
SO48787
SO48788
SO48788
SO48788
SO48788
SO48788
SO48788
SO48788
SO48788
SO48788
SO48788
SO48788
SO48788
SO48788
SO48788
SO48788
SO48788
SO48788
SO48788
SO48788
SO48788
SO48788
SO48788
SO48788
SO48788
SO48788
SO48788
SO48788
SO48788
SO48788
SO48788
SO48788
SO48788
SO48789
SO48789
SO48789
SO48789
SO48789
SO48789
SO48790
SO48790
SO48790
SO48791
SO48791
SO48791
SO48791
SO48791
SO48791
SO48791
SO48791
SO48791
SO48791
SO48791
SO48791
SO48791
SO48791
SO48791
SO48791
SO48791
SO48791
SO48791
SO48791
SO48791
SO48791
SO48791
SO48791
SO48791
SO48791
SO48791
SO48791
SO48791
SO48791
SO48791
SO48791
SO48791
SO48792
SO48793
SO48794
SO49039
SO49039
SO49039
SO49039
SO49039
SO49040
SO49040
SO49040
SO49040
SO49040
SO49040
SO49040
SO49040
SO49040
SO49040
SO49040
SO49040
SO49040
SO49040
SO49040
SO49040
SO49040
SO49040
SO49040
SO49040
SO49041
SO49041
SO49041
SO49042
SO49042
SO49042
SO49043
SO49044
SO49044
SO49044
SO49045
SO49045
SO49045
SO49045
SO49045
SO49046
SO49046
SO49046
SO49047
SO49047
SO49048
SO49048
SO49048
SO49048
SO49049
SO49049
SO49050
SO49050
SO49051
SO49052
SO49052
SO49052
SO49052
SO49052
SO49052
SO49052
SO49052
SO49052
SO49052
SO49052
SO49052
SO49052
SO49052
SO49052
SO49052
SO49052
SO49052
SO49052
SO49052
SO49052
SO49052
SO49052
SO49052
SO49052
SO49052
SO49052
SO49052
SO49052
SO49052
SO49052
SO49053
SO49053
SO49053
SO49053
SO49053
SO49053
SO49053
SO49053
SO49053
SO49053
SO49053
SO49053
SO49053
SO49053
SO49053
SO49053
SO49053
SO49053
SO49053
SO49053
SO49053
SO49053
SO49053
SO49053
SO49053
SO49053
SO49053
SO49053
SO49053
SO49053
SO49053
SO49053
SO49053
SO49053
SO49053
SO49053
SO49053
SO49053
SO49053
SO49053
SO49053
SO49053
SO49053
SO49054
SO49054
SO49054
SO49054
SO49055
SO49056
SO49057
SO49057
SO49058
SO49058
SO49058
SO49058
SO49058
SO49058
SO49058
SO49058
SO49058
SO49058
SO49058
SO49058
SO49058
SO49058
SO49058
SO49058
SO49058
SO49058
SO49058
SO49058
SO49058
SO49058
SO49058
SO49058
SO49058
SO49058
SO49058
SO49058
SO49058
SO49058
SO49058
SO49058
SO49058
SO49058
SO49058
SO49058
SO49058
SO49058
SO49058
SO49058
SO49058
SO49059
SO49059
SO49060
SO49060
SO49060
SO49060
SO49061
SO49061
SO49061
SO49061
SO49061
SO49061
SO49061
SO49061
SO49061
SO49061
SO49061
SO49061
SO49061
SO49061
SO49061
SO49061
SO49061
SO49061
SO49061
SO49061
SO49061
SO49062
SO49062
SO49062
SO49062
SO49062
SO49062
SO49062
SO49062
SO49062
SO49062
SO49062
SO49062
SO49062
SO49062
SO49062
SO49062
SO49062
SO49062
SO49062
SO49062
SO49062
SO49062
SO49062
SO49062
SO49062
SO49062
SO49062
SO49062
SO49062
SO49062
SO49062
SO49062
SO49062
SO49063
SO49063
SO49064
SO49064
SO49064
SO49064
SO49065
SO49065
SO49065
SO49065
SO49065
SO49065
SO49065
SO49065
SO49065
SO49065
SO49065
SO49065
SO49065
SO49065
SO49065
SO49065
SO49065
SO49065
SO49065
SO49065
SO49065
SO49065
SO49065
SO49066
SO49066
SO49066
SO49066
SO49066
SO49066
SO49066
SO49066
SO49066
SO49066
SO49066
SO49066
SO49066
SO49066
SO49066
SO49066
SO49066
SO49066
SO49066
SO49066
SO49066
SO49066
SO49066
SO49066
SO49066
SO49066
SO49066
SO49066
SO49066
SO49066
SO49066
SO49066
SO49067
SO49068
SO49068
SO49068
SO49068
SO49068
SO49068
SO49069
SO49069
SO49069
SO49069
SO49069
SO49069
SO49069
SO49069
SO49069
SO49069
SO49069
SO49069
SO49069
SO49069
SO49069
SO49069
SO49069
SO49069
SO49069
SO49069
SO49069
SO49069
SO49070
SO49070
SO49070
SO49070
SO49070
SO49070
SO49070
SO49070
SO49070
SO49070
SO49070
SO49070
SO49070
SO49070
SO49070
SO49071
SO49072
SO49072
SO49072
SO49072
SO49072
SO49072
SO49072
SO49073
SO49073
SO49073
SO49073
SO49074
SO49074
SO49074
SO49074
SO49074
SO49074
SO49074
SO49074
SO49074
SO49074
SO49074
SO49074
SO49074
SO49074
SO49075
SO49076
SO49076
SO49076
SO49076
SO49076
SO49076
SO49076
SO49076
SO49076
SO49076
SO49076
SO49076
SO49076
SO49076
SO49076
SO49076
SO49076
SO49076
SO49076
SO49076
SO49076
SO49076
SO49076
SO49076
SO49076
SO49076
SO49076
SO49076
SO49076
SO49077
SO49078
SO49078
SO49078
SO49078
SO49078
SO49078
SO49078
SO49078
SO49078
SO49078
SO49078
SO49078
SO49078
SO49078
SO49078
SO49078
SO49078
SO49078
SO49079
SO49080
SO49080
SO49080
SO49081
SO49082
SO49082
SO49083
SO49084
SO49084
SO49084
SO49084
SO49084
SO49084
SO49084
SO49084
SO49084
SO49084
SO49085
SO49085
SO49085
SO49085
SO49085
SO49085
SO49085
SO49085
SO49085
SO49085
SO49085
SO49085
SO49085
SO49085
SO49085
SO49085
SO49085
SO49085
SO49085
SO49085
SO49085
SO49085
SO49085
SO49085
SO49085
SO49085
SO49086
SO49086
SO49086
SO49086
SO49086
SO49086
SO49086
SO49086
SO49086
SO49086
SO49086
SO49086
SO49086
SO49086
SO49086
SO49086
SO49086
SO49086
SO49086
SO49086
SO49086
SO49086
SO49086
SO49087
SO49088
SO49088
SO49088
SO49088
SO49088
SO49088
SO49089
SO49089
SO49089
SO49090
SO49090
SO49090
SO49090
SO49090
SO49090
SO49090
SO49090
SO49090
SO49090
SO49090
SO49090
SO49090
SO49090
SO49090
SO49090
SO49090
SO49090
SO49090
SO49090
SO49090
SO49090
SO49090
SO49090
SO49090
SO49091
SO49091
SO49091
SO49091
SO49091
SO49091
SO49091
SO49091
SO49091
SO49091
SO49091
SO49091
SO49091
SO49091
SO49091
SO49091
SO49091
SO49091
SO49091
SO49091
SO49091
SO49091
SO49091
SO49091
SO49092
SO49092
SO49092
SO49092
SO49092
SO49092
SO49092
SO49092
SO49092
SO49092
SO49092
SO49092
SO49092
SO49092
SO49092
SO49092
SO49092
SO49092
SO49092
SO49092
SO49092
SO49092
SO49092
SO49092
SO49092
SO49092
SO49092
SO49092
SO49092
SO49092
SO49092
SO49092
SO49092
SO49092
SO49092
SO49092
SO49092
SO49093
SO49093
SO49093
SO49093
SO49093
SO49093
SO49093
SO49093
SO49093
SO49093
SO49093
SO49093
SO49093
SO49093
SO49093
SO49093
SO49093
SO49093
SO49093
SO49094
SO49094
SO49094
SO49094
SO49094
SO49094
SO49094
SO49094
SO49094
SO49094
SO49094
SO49094
SO49094
SO49094
SO49094
SO49094
SO49094
SO49094
SO49094
SO49094
SO49094
SO49094
SO49094
SO49094
SO49094
SO49094
SO49094
SO49095
SO49095
SO49095
SO49095
SO49095
SO49095
SO49095
SO49095
SO49095
SO49095
SO49095
SO49095
SO49095
SO49095
SO49095
SO49095
SO49096
SO49096
SO49096
SO49096
SO49097
SO49097
SO49097
SO49097
SO49098
SO49099
SO49099
SO49099
SO49099
SO49099
SO49099
SO49099
SO49099
SO49099
SO49099
SO49099
SO49099
SO49099
SO49099
SO49099
SO49099
SO49099
SO49099
SO49099
SO49099
SO49099
SO49099
SO49099
SO49099
SO49099
SO49099
SO49099
SO49099
SO49100
SO49100
SO49100
SO49100
SO49100
SO49100
SO49100
SO49100
SO49100
SO49100
SO49100
SO49100
SO49100
SO49100
SO49100
SO49100
SO49100
SO49100
SO49100
SO49100
SO49101
SO49101
SO49101
SO49101
SO49101
SO49101
SO49101
SO49101
SO49101
SO49101
SO49101
SO49101
SO49101
SO49101
SO49101
SO49101
SO49101
SO49101
SO49101
SO49101
SO49101
SO49101
SO49101
SO49101
SO49101
SO49101
SO49101
SO49101
SO49101
SO49101
SO49101
SO49101
SO49101
SO49101
SO49101
SO49101
SO49102
SO49103
SO49103
SO49103
SO49103
SO49103
SO49103
SO49103
SO49103
SO49103
SO49103
SO49103
SO49103
SO49103
SO49103
SO49103
SO49104
SO49104
SO49104
SO49104
SO49104
SO49104
SO49104
SO49104
SO49104
SO49104
SO49104
SO49104
SO49104
SO49104
SO49104
SO49104
SO49104
SO49104
SO49104
SO49104
SO49104
SO49104
SO49104
SO49104
SO49104
SO49104
SO49104
SO49105
SO49105
SO49105
SO49105
SO49105
SO49105
SO49105
SO49105
SO49105
SO49105
SO49105
SO49105
SO49105
SO49105
SO49105
SO49105
SO49105
SO49105
SO49105
SO49105
SO49105
SO49106
SO49106
SO49106
SO49106
SO49106
SO49106
SO49106
SO49106
SO49107
SO49108
SO49108
SO49108
SO49109
SO49109
SO49109
SO49109
SO49109
SO49110
SO49111
SO49111
SO49111
SO49111
SO49111
SO49111
SO49112
SO49112
SO49112
SO49112
SO49112
SO49113
SO49113
SO49113
SO49113
SO49113
SO49113
SO49113
SO49113
SO49113
SO49113
SO49113
SO49113
SO49113
SO49113
SO49113
SO49113
SO49113
SO49113
SO49113
SO49113
SO49113
SO49113
SO49113
SO49113
SO49113
SO49113
SO49113
SO49113
SO49113
SO49113
SO49113
SO49113
SO49113
SO49113
SO49113
SO49113
SO49113
SO49113
SO49114
SO49114
SO49114
SO49114
SO49114
SO49114
SO49114
SO49114
SO49114
SO49114
SO49114
SO49114
SO49114
SO49115
SO49115
SO49115
SO49115
SO49115
SO49115
SO49115
SO49115
SO49115
SO49115
SO49115
SO49115
SO49115
SO49115
SO49115
SO49115
SO49115
SO49115
SO49115
SO49116
SO49116
SO49116
SO49116
SO49116
SO49116
SO49116
SO49116
SO49116
SO49116
SO49116
SO49116
SO49116
SO49116
SO49116
SO49116
SO49116
SO49116
SO49116
SO49116
SO49116
SO49116
SO49116
SO49117
SO49117
SO49117
SO49117
SO49117
SO49117
SO49117
SO49117
SO49117
SO49117
SO49117
SO49117
SO49117
SO49117
SO49117
SO49117
SO49117
SO49117
SO49117
SO49117
SO49117
SO49117
SO49117
SO49118
SO49118
SO49118
SO49118
SO49118
SO49118
SO49118
SO49118
SO49118
SO49118
SO49118
SO49118
SO49118
SO49118
SO49118
SO49118
SO49118
SO49118
SO49118
SO49118
SO49118
SO49118
SO49118
SO49118
SO49118
SO49118
SO49118
SO49118
SO49118
SO49118
SO49118
SO49118
SO49118
SO49118
SO49118
SO49118
SO49118
SO49118
SO49118
SO49118
SO49118
SO49118
SO49118
SO49118
SO49119
SO49119
SO49119
SO49119
SO49119
SO49119
SO49120
SO49120
SO49121
SO49121
SO49121
SO49121
SO49122
SO49122
SO49122
SO49122
SO49122
SO49122
SO49123
SO49123
SO49123
SO49123
SO49123
SO49123
SO49123
SO49123
SO49123
SO49123
SO49123
SO49123
SO49123
SO49123
SO49123
SO49123
SO49123
SO49123
SO49123
SO49123
SO49123
SO49123
SO49123
SO49123
SO49123
SO49123
SO49123
SO49124
SO49124
SO49124
SO49124
SO49124
SO49124
SO49124
SO49124
SO49124
SO49124
SO49124
SO49124
SO49124
SO49124
SO49124
SO49124
SO49125
SO49125
SO49125
SO49125
SO49125
SO49125
SO49125
SO49125
SO49125
SO49125
SO49125
SO49125
SO49125
SO49125
SO49125
SO49125
SO49125
SO49125
SO49125
SO49125
SO49125
SO49125
SO49125
SO49125
SO49126
SO49126
SO49126
SO49126
SO49126
SO49126
SO49127
SO49127
SO49127
SO49127
SO49127
SO49127
SO49127
SO49127
SO49127
SO49127
SO49127
SO49127
SO49127
SO49127
SO49127
SO49127
SO49127
SO49127
SO49127
SO49127
SO49127
SO49127
SO49127
SO49127
SO49127
SO49127
SO49127
SO49127
SO49127
SO49127
SO49127
SO49127
SO49127
SO49127
SO49128
SO49128
SO49129
SO49129
SO49129
SO49129
SO49129
SO49129
SO49129
SO49129
SO49129
SO49129
SO49129
SO49129
SO49129
SO49129
SO49129
SO49129
SO49129
SO49129
SO49129
SO49129
SO49129
SO49129
SO49129
SO49129
SO49129
SO49129
SO49129
SO49129
SO49129
SO49129
SO49129
SO49129
SO49129
SO49129
SO49129
SO49129
SO49129
SO49129
SO49129
SO49129
SO49129
SO49129
SO49130
SO49130
SO49130
SO49131
SO49132
SO49132
SO49132
SO49132
SO49132
SO49132
SO49132
SO49132
SO49132
SO49132
SO49132
SO49132
SO49132
SO49132
SO49132
SO49132
SO49132
SO49132
SO49132
SO49132
SO49132
SO49132
SO49133
SO49133
SO49133
SO49133
SO49133
SO49133
SO49134
SO49134
SO49134
SO49134
SO49135
SO49136
SO49136
SO49136
SO49136
SO49136
SO49136
SO49136
SO49136
SO49136
SO49136
SO49136
SO49136
SO49136
SO49136
SO49136
SO49136
SO49136
SO49136
SO49136
SO49136
SO49136
SO49136
SO49136
SO49136
SO49136
SO49136
SO49136
SO49136
SO49136
SO49136
SO49136
SO49136
SO49137
SO49137
SO49137
SO49137
SO49138
SO49138
SO49138
SO49138
SO49138
SO49138
SO49138
SO49138
SO49138
SO49138
SO49138
SO49138
SO49138
SO49138
SO49138
SO49138
SO49138
SO49139
SO49139
SO49139
SO49139
SO49139
SO49139
SO49139
SO49139
SO49139
SO49139
SO49139
SO49139
SO49139
SO49139
SO49139
SO49139
SO49139
SO49139
SO49139
SO49139
SO49140
SO49140
SO49140
SO49140
SO49140
SO49140
SO49140
SO49140
SO49140
SO49140
SO49140
SO49140
SO49140
SO49140
SO49140
SO49140
SO49140
SO49140
SO49140
SO49140
SO49140
SO49140
SO49140
SO49140
SO49140
SO49140
SO49140
SO49140
SO49140
SO49140
SO49140
SO49140
SO49140
SO49140
SO49140
SO49141
SO49142
SO49143
SO49144
SO49145
SO49145
SO49145
SO49145
SO49145
SO49146
SO49146
SO49146
SO49146
SO49146
SO49146
SO49146
SO49146
SO49146
SO49146
SO49147
SO49147
SO49147
SO49147
SO49147
SO49147
SO49147
SO49147
SO49147
SO49147
SO49147
SO49147
SO49147
SO49147
SO49147
SO49147
SO49147
SO49147
SO49147
SO49147
SO49147
SO49147
SO49147
SO49147
SO49147
SO49147
SO49147
SO49147
SO49147
SO49147
SO49147
SO49148
SO49149
SO49149
SO49149
SO49149
SO49149
SO49149
SO49149
SO49149
SO49149
SO49149
SO49149
SO49149
SO49149
SO49149
SO49149
SO49149
SO49149
SO49149
SO49149
SO49149
SO49149
SO49149
SO49149
SO49149
SO49149
SO49149
SO49149
SO49149
SO49149
SO49149
SO49149
SO49149
SO49149
SO49149
SO49149
SO49149
SO49149
SO49149
SO49149
SO49149
SO49150
SO49150
SO49151
SO49151
SO49151
SO49151
SO49151
SO49151
SO49151
SO49151
SO49151
SO49151
SO49151
SO49151
SO49151
SO49151
SO49151
SO49151
SO49151
SO49151
SO49151
SO49151
SO49151
SO49151
SO49151
SO49151
SO49152
SO49152
SO49152
SO49152
SO49152
SO49152
SO49152
SO49152
SO49152
SO49152
SO49152
SO49152
SO49152
SO49152
SO49152
SO49152
SO49152
SO49152
SO49152
SO49152
SO49152
SO49152
SO49152
SO49152
SO49153
SO49153
SO49153
SO49154
SO49154
SO49155
SO49156
SO49156
SO49156
SO49156
SO49156
SO49156
SO49156
SO49157
SO49157
SO49157
SO49157
SO49157
SO49157
SO49157
SO49157
SO49157
SO49157
SO49157
SO49157
SO49157
SO49157
SO49157
SO49157
SO49157
SO49157
SO49157
SO49157
SO49158
SO49158
SO49158
SO49158
SO49158
SO49158
SO49158
SO49158
SO49158
SO49158
SO49158
SO49158
SO49158
SO49158
SO49158
SO49158
SO49158
SO49158
SO49158
SO49158
SO49158
SO49158
SO49158
SO49158
SO49159
SO49159
SO49159
SO49159
SO49159
SO49159
SO49159
SO49159
SO49159
SO49159
SO49159
SO49159
SO49159
SO49159
SO49159
SO49160
SO49160
SO49160
SO49160
SO49160
SO49160
SO49160
SO49160
SO49160
SO49160
SO49160
SO49160
SO49160
SO49160
SO49160
SO49160
SO49160
SO49160
SO49160
SO49160
SO49160
SO49160
SO49160
SO49160
SO49160
SO49160
SO49160
SO49160
SO49160
SO49160
SO49160
SO49160
SO49160
SO49161
SO49161
SO49161
SO49161
SO49161
SO49161
SO49161
SO49161
SO49161
SO49161
SO49161
SO49161
SO49161
SO49161
SO49161
SO49161
SO49161
SO49161
SO49161
SO49161
SO49161
SO49161
SO49161
SO49161
SO49162
SO49163
SO49163
SO49163
SO49163
SO49163
SO49164
SO49164
SO49164
SO49164
SO49164
SO49165
SO49165
SO49165
SO49165
SO49165
SO49166
SO49166
SO49166
SO49166
SO49166
SO49166
SO49166
SO49166
SO49166
SO49166
SO49166
SO49166
SO49166
SO49166
SO49166
SO49166
SO49166
SO49166
SO49166
SO49166
SO49166
SO49167
SO49167
SO49167
SO49167
SO49167
SO49167
SO49167
SO49167
SO49167
SO49167
SO49167
SO49167
SO49167
SO49167
SO49167
SO49167
SO49167
SO49167
SO49167
SO49167
SO49167
SO49167
SO49167
SO49167
SO49168
SO49168
SO49169
SO49169
SO49169
SO49169
SO49169
SO49169
SO49169
SO49169
SO49169
SO49169
SO49169
SO49169
SO49169
SO49169
SO49169
SO49169
SO49169
SO49169
SO49169
SO49169
SO49169
SO49170
SO49170
SO49170
SO49170
SO49170
SO49170
SO49170
SO49170
SO49443
SO49444
SO49444
SO49444
SO49444
SO49444
SO49444
SO49445
SO49445
SO49445
SO49446
SO49446
SO49446
SO49446
SO49446
SO49446
SO49447
SO49448
SO49448
SO49449
SO49450
SO49450
SO49450
SO49450
SO49450
SO49450
SO49450
SO49450
SO49450
SO49450
SO49450
SO49450
SO49450
SO49450
SO49450
SO49451
SO49451
SO49451
SO49452
SO49453
SO49454
SO49454
SO49454
SO49455
SO49456
SO49456
SO49456
SO49457
SO49458
SO49459
SO49460
SO49460
SO49460
SO49461
SO49461
SO49461
SO49462
SO49463
SO49463
SO49464
SO49464
SO49464
SO49464
SO49464
SO49464
SO49464
SO49464
SO49464
SO49464
SO49464
SO49464
SO49464
SO49464
SO49464
SO49464
SO49464
SO49464
SO49464
SO49464
SO49464
SO49464
SO49464
SO49464
SO49464
SO49464
SO49464
SO49464
SO49464
SO49464
SO49464
SO49464
SO49464
SO49464
SO49464
SO49464
SO49464
SO49464
SO49464
SO49464
SO49464
SO49465
SO49465
SO49465
SO49465
SO49465
SO49465
SO49465
SO49465
SO49465
SO49465
SO49465
SO49465
SO49465
SO49465
SO49465
SO49465
SO49465
SO49465
SO49465
SO49465
SO49465
SO49465
SO49465
SO49465
SO49465
SO49465
SO49465
SO49465
SO49465
SO49465
SO49465
SO49466
SO49466
SO49466
SO49467
SO49467
SO49467
SO49467
SO49467
SO49467
SO49467
SO49467
SO49467
SO49467
SO49467
SO49467
SO49467
SO49467
SO49467
SO49468
SO49468
SO49468
SO49468
SO49468
SO49468
SO49468
SO49468
SO49468
SO49468
SO49468
SO49468
SO49468
SO49468
SO49468
SO49469
SO49469
SO49470
SO49470
SO49470
SO49471
SO49471
SO49472
SO49472
SO49472
SO49472
SO49472
SO49472
SO49472
SO49472
SO49472
SO49472
SO49472
SO49472
SO49472
SO49472
SO49473
SO49473
SO49473
SO49473
SO49473
SO49473
SO49473
SO49473
SO49473
SO49473
SO49473
SO49473
SO49473
SO49473
SO49473
SO49473
SO49473
SO49473
SO49473
SO49473
SO49473
SO49473
SO49473
SO49473
SO49473
SO49473
SO49473
SO49473
SO49474
SO49474
SO49475
SO49476
SO49476
SO49476
SO49476
SO49476
SO49476
SO49476
SO49476
SO49476
SO49476
SO49476
SO49477
SO49477
SO49477
SO49477
SO49477
SO49477
SO49478
SO49478
SO49479
SO49479
SO49479
SO49479
SO49479
SO49479
SO49479
SO49479
SO49479
SO49479
SO49479
SO49479
SO49479
SO49479
SO49479
SO49479
SO49479
SO49479
SO49479
SO49479
SO49479
SO49479
SO49479
SO49479
SO49479
SO49479
SO49479
SO49479
SO49479
SO49479
SO49479
SO49479
SO49479
SO49479
SO49479
SO49479
SO49479
SO49479
SO49479
SO49479
SO49479
SO49479
SO49479
SO49479
SO49480
SO49480
SO49480
SO49480
SO49480
SO49480
SO49480
SO49480
SO49480
SO49480
SO49480
SO49480
SO49480
SO49480
SO49480
SO49480
SO49480
SO49480
SO49480
SO49480
SO49480
SO49480
SO49480
SO49480
SO49480
SO49481
SO49481
SO49481
SO49481
SO49481
SO49481
SO49481
SO49481
SO49481
SO49481
SO49481
SO49481
SO49481
SO49481
SO49481
SO49481
SO49481
SO49481
SO49481
SO49481
SO49481
SO49481
SO49481
SO49481
SO49481
SO49481
SO49481
SO49481
SO49481
SO49481
SO49481
SO49481
SO49481
SO49481
SO49481
SO49481
SO49481
SO49481
SO49482
SO49482
SO49482
SO49482
SO49482
SO49483
SO49483
SO49483
SO49483
SO49483
SO49483
SO49483
SO49483
SO49483
SO49483
SO49483
SO49483
SO49484
SO49484
SO49484
SO49484
SO49484
SO49484
SO49484
SO49484
SO49484
SO49484
SO49484
SO49484
SO49484
SO49484
SO49484
SO49484
SO49484
SO49484
SO49484
SO49484
SO49484
SO49484
SO49484
SO49484
SO49484
SO49484
SO49484
SO49484
SO49484
SO49484
SO49484
SO49484
SO49484
SO49484
SO49484
SO49484
SO49484
SO49484
SO49485
SO49485
SO49485
SO49485
SO49485
SO49485
SO49485
SO49485
SO49485
SO49485
SO49485
SO49485
SO49485
SO49485
SO49485
SO49485
SO49485
SO49485
SO49485
SO49485
SO49485
SO49485
SO49485
SO49485
SO49485
SO49485
SO49485
SO49485
SO49485
SO49485
SO49485
SO49485
SO49485
SO49486
SO49486
SO49486
SO49486
SO49486
SO49487
SO49487
SO49487
SO49487
SO49488
SO49488
SO49488
SO49488
SO49488
SO49488
SO49488
SO49488
SO49488
SO49488
SO49488
SO49488
SO49488
SO49488
SO49488
SO49488
SO49488
SO49488
SO49488
SO49488
SO49488
SO49488
SO49488
SO49489
SO49489
SO49489
SO49489
SO49489
SO49489
SO49490
SO49490
SO49490
SO49490
SO49490
SO49490
SO49490
SO49490
SO49490
SO49490
SO49490
SO49490
SO49490
SO49490
SO49490
SO49490
SO49490
SO49490
SO49490
SO49490
SO49490
SO49490
SO49490
SO49490
SO49490
SO49490
SO49490
SO49490
SO49490
SO49490
SO49490
SO49490
SO49490
SO49490
SO49490
SO49490
SO49490
SO49490
SO49490
SO49490
SO49490
SO49491
SO49492
SO49492
SO49492
SO49492
SO49492
SO49492
SO49492
SO49492
SO49492
SO49492
SO49492
SO49492
SO49492
SO49492
SO49493
SO49493
SO49493
SO49493
SO49494
SO49494
SO49494
SO49494
SO49494
SO49494
SO49494
SO49494
SO49494
SO49494
SO49494
SO49494
SO49494
SO49494
SO49494
SO49494
SO49494
SO49494
SO49495
SO49495
SO49495
SO49495
SO49495
SO49495
SO49495
SO49495
SO49495
SO49495
SO49495
SO49495
SO49495
SO49495
SO49495
SO49495
SO49495
SO49495
SO49496
SO49496
SO49496
SO49496
SO49496
SO49496
SO49496
SO49496
SO49496
SO49496
SO49496
SO49496
SO49496
SO49496
SO49496
SO49496
SO49496
SO49496
SO49496
SO49496
SO49496
SO49496
SO49496
SO49496
SO49496
SO49496
SO49496
SO49496
SO49496
SO49497
SO49497
SO49497
SO49497
SO49497
SO49497
SO49498
SO49498
SO49498
SO49498
SO49498
SO49498
SO49498
SO49498
SO49498
SO49498
SO49498
SO49498
SO49498
SO49498
SO49498
SO49498
SO49498
SO49498
SO49498
SO49498
SO49498
SO49498
SO49498
SO49498
SO49498
SO49498
SO49498
SO49498
SO49498
SO49498
SO49498
SO49498
SO49498
SO49498
SO49498
SO49498
SO49498
SO49498
SO49498
SO49498
SO49498
SO49498
SO49498
SO49499
SO49499
SO49499
SO49499
SO49499
SO49499
SO49499
SO49499
SO49499
SO49499
SO49499
SO49499
SO49499
SO49499
SO49499
SO49500
SO49500
SO49501
SO49501
SO49501
SO49501
SO49501
SO49501
SO49501
SO49501
SO49501
SO49501
SO49501
SO49501
SO49501
SO49501
SO49501
SO49501
SO49501
SO49501
SO49501
SO49501
SO49501
SO49501
SO49501
SO49501
SO49501
SO49501
SO49501
SO49501
SO49501
SO49501
SO49501
SO49501
SO49501
SO49501
SO49501
SO49501
SO49501
SO49501
SO49501
SO49501
SO49501
SO49501
SO49501
SO49502
SO49502
SO49502
SO49502
SO49502
SO49502
SO49502
SO49502
SO49502
SO49502
SO49502
SO49502
SO49502
SO49502
SO49502
SO49502
SO49502
SO49502
SO49502
SO49502
SO49502
SO49502
SO49502
SO49502
SO49502
SO49503
SO49503
SO49503
SO49503
SO49503
SO49503
SO49503
SO49503
SO49503
SO49503
SO49503
SO49504
SO49504
SO49504
SO49504
SO49504
SO49504
SO49504
SO49504
SO49504
SO49504
SO49504
SO49504
SO49504
SO49504
SO49504
SO49505
SO49506
SO49506
SO49506
SO49507
SO49507
SO49507
SO49507
SO49507
SO49507
SO49507
SO49507
SO49507
SO49507
SO49507
SO49507
SO49507
SO49507
SO49507
SO49507
SO49508
SO49508
SO49509
SO49509
SO49509
SO49509
SO49509
SO49509
SO49509
SO49509
SO49509
SO49509
SO49509
SO49509
SO49509
SO49509
SO49509
SO49509
SO49509
SO49509
SO49509
SO49509
SO49509
SO49509
SO49509
SO49509
SO49509
SO49509
SO49509
SO49509
SO49509
SO49509
SO49510
SO49510
SO49510
SO49510
SO49510
SO49510
SO49510
SO49510
SO49510
SO49510
SO49510
SO49510
SO49510
SO49510
SO49510
SO49510
SO49510
SO49510
SO49510
SO49510
SO49510
SO49510
SO49510
SO49510
SO49510
SO49510
SO49510
SO49510
SO49510
SO49511
SO49511
SO49511
SO49511
SO49512
SO49512
SO49512
SO49512
SO49512
SO49512
SO49512
SO49512
SO49512
SO49512
SO49512
SO49512
SO49512
SO49512
SO49512
SO49512
SO49512
SO49513
SO49513
SO49513
SO49513
SO49513
SO49513
SO49513
SO49513
SO49513
SO49513
SO49513
SO49513
SO49513
SO49514
SO49515
SO49515
SO49515
SO49515
SO49515
SO49515
SO49515
SO49515
SO49515
SO49515
SO49515
SO49515
SO49515
SO49515
SO49515
SO49515
SO49515
SO49515
SO49515
SO49515
SO49515
SO49515
SO49515
SO49515
SO49516
SO49516
SO49517
SO49517
SO49517
SO49518
SO49518
SO49518
SO49518
SO49518
SO49518
SO49518
SO49518
SO49518
SO49518
SO49518
SO49518
SO49518
SO49518
SO49518
SO49518
SO49518
SO49518
SO49518
SO49518
SO49518
SO49518
SO49518
SO49518
SO49518
SO49518
SO49518
SO49518
SO49518
SO49518
SO49518
SO49518
SO49518
SO49518
SO49518
SO49518
SO49518
SO49518
SO49518
SO49518
SO49519
SO49519
SO49520
SO49520
SO49520
SO49520
SO49521
SO49521
SO49521
SO49521
SO49521
SO49521
SO49521
SO49521
SO49521
SO49521
SO49521
SO49521
SO49521
SO49521
SO49521
SO49521
SO49521
SO49521
SO49521
SO49521
SO49521
SO49521
SO49521
SO49521
SO49521
SO49521
SO49521
SO49521
SO49521
SO49522
SO49522
SO49522
SO49523
SO49523
SO49523
SO49523
SO49523
SO49523
SO49523
SO49523
SO49523
SO49523
SO49523
SO49523
SO49523
SO49523
SO49523
SO49523
SO49523
SO49523
SO49523
SO49523
SO49523
SO49523
SO49523
SO49523
SO49523
SO49523
SO49523
SO49523
SO49523
SO49523
SO49523
SO49523
SO49523
SO49523
SO49524
SO49524
SO49524
SO49524
SO49524
SO49525
SO49525
SO49526
SO49526
SO49526
SO49527
SO49527
SO49527
SO49527
SO49527
SO49527
SO49527
SO49527
SO49527
SO49527
SO49527
SO49527
SO49527
SO49528
SO49528
SO49528
SO49528
SO49528
SO49529
SO49529
SO49529
SO49530
SO49530
SO49531
SO49531
SO49531
SO49531
SO49532
SO49532
SO49532
SO49532
SO49532
SO49532
SO49532
SO49532
SO49532
SO49532
SO49532
SO49532
SO49532
SO49532
SO49532
SO49532
SO49532
SO49532
SO49533
SO49533
SO49533
SO49533
SO49533
SO49533
SO49533
SO49533
SO49533
SO49533
SO49533
SO49533
SO49533
SO49533
SO49533
SO49533
SO49533
SO49533
SO49533
SO49533
SO49533
SO49533
SO49533
SO49533
SO49533
SO49533
SO49533
SO49533
SO49533
SO49533
SO49533
SO49533
SO49533
SO49533
SO49533
SO49533
SO49534
SO49534
SO49534
SO49534
SO49534
SO49535
SO49536
SO49537
SO49538
SO49538
SO49538
SO49538
SO49538
SO49538
SO49538
SO49538
SO49538
SO49538
SO49538
SO49538
SO49538
SO49538
SO49538
SO49538
SO49538
SO49538
SO49538
SO49538
SO49538
SO49538
SO49538
SO49538
SO49538
SO49538
SO49538
SO49538
SO49538
SO49538
SO49538
SO49538
SO49538
SO49539
SO49539
SO49539
SO49539
SO49539
SO49540
SO49540
SO49540
SO49540
SO49540
SO49540
SO49540
SO49540
SO49540
SO49540
SO49540
SO49540
SO49540
SO49540
SO49540
SO49540
SO49540
SO49540
SO49540
SO49540
SO49540
SO49540
SO49540
SO49540
SO49541
SO49541
SO49541
SO49541
SO49541
SO49541
SO49541
SO49541
SO49541
SO49541
SO49541
SO49541
SO49541
SO49541
SO49541
SO49541
SO49541
SO49541
SO49541
SO49541
SO49541
SO49541
SO49541
SO49541
SO49541
SO49541
SO49541
SO49542
SO49542
SO49543
SO49544
SO49544
SO49545
SO49545
SO49545
SO49546
SO49546
SO49547
SO49548
SO49548
SO49548
SO49548
SO49548
SO49548
SO49821
SO49821
SO49821
SO49821
SO49821
SO49821
SO49821
SO49821
SO49821
SO49821
SO49821
SO49821
SO49821
SO49821
SO49821
SO49821
SO49821
SO49821
SO49821
SO49821
SO49821
SO49821
SO49821
SO49821
SO49821
SO49821
SO49821
SO49821
SO49821
SO49821
SO49821
SO49821
SO49821
SO49821
SO49821
SO49822
SO49822
SO49822
SO49822
SO49822
SO49822
SO49822
SO49822
SO49822
SO49822
SO49822
SO49822
SO49822
SO49822
SO49822
SO49822
SO49822
SO49822
SO49822
SO49822
SO49822
SO49822
SO49822
SO49822
SO49822
SO49822
SO49822
SO49822
SO49822
SO49822
SO49822
SO49822
SO49822
SO49822
SO49822
SO49822
SO49823
SO49823
SO49823
SO49823
SO49823
SO49823
SO49823
SO49823
SO49824
SO49825
SO49825
SO49825
SO49825
SO49825
SO49825
SO49825
SO49825
SO49825
SO49825
SO49825
SO49825
SO49825
SO49825
SO49825
SO49825
SO49825
SO49825
SO49825
SO49825
SO49825
SO49825
SO49825
SO49825
SO49825
SO49826
SO49826
SO49826
SO49826
SO49826
SO49826
SO49826
SO49826
SO49826
SO49826
SO49826
SO49826
SO49826
SO49826
SO49826
SO49826
SO49826
SO49826
SO49826
SO49826
SO49826
SO49826
SO49826
SO49826
SO49826
SO49826
SO49826
SO49826
SO49826
SO49826
SO49826
SO49826
SO49826
SO49826
SO49826
SO49826
SO49826
SO49826
SO49826
SO49827
SO49827
SO49827
SO49827
SO49827
SO49827
SO49827
SO49827
SO49827
SO49827
SO49827
SO49827
SO49827
SO49827
SO49827
SO49827
SO49827
SO49827
SO49827
SO49827
SO49827
SO49827
SO49827
SO49827
SO49827
SO49827
SO49827
SO49827
SO49827
SO49827
SO49827
SO49827
SO49827
SO49827
SO49827
SO49827
SO49827
SO49827
SO49827
SO49827
SO49827
SO49827
SO49827
SO49827
SO49827
SO49827
SO49827
SO49827
SO49828
SO49828
SO49828
SO49828
SO49828
SO49828
SO49828
SO49828
SO49828
SO49828
SO49828
SO49828
SO49828
SO49828
SO49828
SO49828
SO49828
SO49828
SO49828
SO49828
SO49828
SO49828
SO49828
SO49828
SO49828
SO49828
SO49828
SO49828
SO49828
SO49828
SO49828
SO49828
SO49828
SO49828
SO49828
SO49828
SO49828
SO49828
SO49828
SO49828
SO49828
SO49828
SO49828
SO49828
SO49828
SO49828
SO49828
SO49828
SO49828
SO49828
SO49828
SO49828
SO49828
SO49828
SO49828
SO49828
SO49828
SO49828
SO49829
SO49829
SO49829
SO49829
SO49830
SO49830
SO49830
SO49831
SO49831
SO49831
SO49831
SO49831
SO49831
SO49831
SO49831
SO49831
SO49831
SO49831
SO49831
SO49831
SO49831
SO49831
SO49831
SO49831
SO49831
SO49831
SO49831
SO49831
SO49831
SO49831
SO49831
SO49831
SO49831
SO49831
SO49831
SO49831
SO49831
SO49831
SO49831
SO49831
SO49831
SO49831
SO49831
SO49831
SO49831
SO49831
SO49831
SO49831
SO49831
SO49831
SO49831
SO49831
SO49831
SO49831
SO49832
SO49832
SO49832
SO49832
SO49832
SO49832
SO49832
SO49832
SO49832
SO49832
SO49832
SO49832
SO49832
SO49832
SO49832
SO49832
SO49832
SO49832
SO49832
SO49832
SO49832
SO49832
SO49832
SO49832
SO49833
SO49833
SO49833
SO49833
SO49833
SO49833
SO49833
SO49833
SO49833
SO49833
SO49833
SO49833
SO49833
SO49833
SO49833
SO49833
SO49833
SO49833
SO49833
SO49833
SO49833
SO49833
SO49833
SO49833
SO49833
SO49833
SO49833
SO49833
SO49833
SO49833
SO49833
SO49833
SO49833
SO49833
SO49833
SO49833
SO49833
SO49833
SO49833
SO49834
SO49834
SO49834
SO49834
SO49834
SO49834
SO49834
SO49834
SO49835
SO49835
SO49836
SO49836
SO49836
SO49836
SO49836
SO49836
SO49836
SO49836
SO49836
SO49836
SO49836
SO49836
SO49836
SO49836
SO49836
SO49836
SO49836
SO49836
SO49836
SO49836
SO49836
SO49836
SO49836
SO49836
SO49836
SO49836
SO49836
SO49836
SO49836
SO49836
SO49836
SO49836
SO49836
SO49836
SO49836
SO49836
SO49836
SO49836
SO49836
SO49836
SO49837
SO49837
SO49837
SO49837
SO49837
SO49837
SO49837
SO49837
SO49837
SO49837
SO49837
SO49837
SO49837
SO49837
SO49837
SO49837
SO49837
SO49837
SO49837
SO49837
SO49837
SO49837
SO49837
SO49837
SO49837
SO49837
SO49837
SO49837
SO49837
SO49837
SO49837
SO49837
SO49837
SO49837
SO49837
SO49838
SO49838
SO49838
SO49838
SO49838
SO49838
SO49838
SO49838
SO49839
SO49839
SO49839
SO49839
SO49839
SO49839
SO49839
SO49839
SO49839
SO49839
SO49839
SO49839
SO49840
SO49840
SO49840
SO49841
SO49841
SO49841
SO49841
SO49841
SO49841
SO49841
SO49841
SO49841
SO49841
SO49841
SO49841
SO49841
SO49841
SO49841
SO49841
SO49841
SO49841
SO49841
SO49841
SO49841
SO49841
SO49841
SO49841
SO49841
SO49841
SO49841
SO49841
SO49841
SO49841
SO49841
SO49841
SO49841
SO49841
SO49841
SO49841
SO49841
SO49841
SO49841
SO49841
SO49841
SO49841
SO49841
SO49841
SO49841
SO49841
SO49842
SO49843
SO49843
SO49843
SO49843
SO49843
SO49843
SO49843
SO49843
SO49843
SO49843
SO49843
SO49843
SO49843
SO49843
SO49843
SO49843
SO49843
SO49843
SO49843
SO49843
SO49843
SO49843
SO49843
SO49843
SO49843
SO49843
SO49843
SO49843
SO49843
SO49843
SO49843
SO49843
SO49843
SO49843
SO49843
SO49843
SO49843
SO49843
SO49843
SO49843
SO49843
SO49844
SO49844
SO49844
SO49844
SO49844
SO49844
SO49844
SO49844
SO49844
SO49844
SO49844
SO49844
SO49844
SO49844
SO49844
SO49844
SO49844
SO49844
SO49844
SO49844
SO49844
SO49844
SO49844
SO49844
SO49844
SO49844
SO49844
SO49844
SO49844
SO49844
SO49844
SO49844
SO49844
SO49844
SO49845
SO49845
SO49846
SO49846
SO49847
SO49847
SO49848
SO49848
SO49848
SO49848
SO49848
SO49848
SO49848
SO49848
SO49848
SO49848
SO49848
SO49848
SO49848
SO49848
SO49848
SO49848
SO49848
SO49848
SO49848
SO49848
SO49848
SO49848
SO49848
SO49848
SO49848
SO49848
SO49848
SO49849
SO49849
SO49849
SO49849
SO49849
SO49849
SO49849
SO49849
SO49849
SO49849
SO49849
SO49849
SO49849
SO49849
SO49849
SO49849
SO49849
SO49849
SO49849
SO49849
SO49849
SO49849
SO49849
SO49849
SO49849
SO49849
SO49849
SO49849
SO49849
SO49849
SO49849
SO49849
SO49849
SO49849
SO49849
SO49849
SO49850
SO49850
SO49850
SO49850
SO49850
SO49850
SO49850
SO49850
SO49850
SO49851
SO49851
SO49851
SO49851
SO49851
SO49851
SO49851
SO49851
SO49851
SO49851
SO49851
SO49851
SO49851
SO49851
SO49851
SO49851
SO49851
SO49851
SO49851
SO49851
SO49851
SO49851
SO49851
SO49851
SO49851
SO49851
SO49851
SO49851
SO49851
SO49851
SO49851
SO49851
SO49851
SO49851
SO49851
SO49851
SO49852
SO49852
SO49852
SO49852
SO49852
SO49852
SO49853
SO49853
SO49853
SO49853
SO49854
SO49854
SO49855
SO49855
SO49855
SO49855
SO49855
SO49855
SO49855
SO49855
SO49855
SO49855
SO49855
SO49855
SO49855
SO49855
SO49855
SO49855
SO49855
SO49855
SO49855
SO49855
SO49855
SO49855
SO49855
SO49855
SO49855
SO49855
SO49855
SO49855
SO49855
SO49855
SO49855
SO49855
SO49855
SO49855
SO49855
SO49855
SO49855
SO49855
SO49855
SO49855
SO49855
SO49855
SO49855
SO49855
SO49855
SO49855
SO49856
SO49856
SO49856
SO49856
SO49856
SO49856
SO49856
SO49856
SO49856
SO49856
SO49856
SO49856
SO49856
SO49856
SO49856
SO49856
SO49856
SO49856
SO49856
SO49856
SO49856
SO49856
SO49856
SO49856
SO49856
SO49856
SO49856
SO49856
SO49856
SO49856
SO49856
SO49856
SO49856
SO49856
SO49856
SO49856
SO49856
SO49857
SO49858
SO49859
SO49859
SO49859
SO49859
SO49859
SO49860
SO49860
SO49860
SO49860
SO49860
SO49860
SO49860
SO49860
SO49860
SO49860
SO49860
SO49860
SO49860
SO49860
SO49860
SO49860
SO49860
SO49860
SO49860
SO49860
SO49860
SO49860
SO49860
SO49860
SO49861
SO49861
SO49861
SO49861
SO49862
SO49862
SO49862
SO49862
SO49862
SO49862
SO49862
SO49863
SO49864
SO49864
SO49864
SO49864
SO49864
SO49864
SO49864
SO49864
SO49864
SO49864
SO49864
SO49864
SO49864
SO49864
SO49864
SO49864
SO49864
SO49864
SO49864
SO49864
SO49864
SO49864
SO49864
SO49864
SO49864
SO49864
SO49864
SO49864
SO49864
SO49864
SO49864
SO49864
SO49864
SO49864
SO49864
SO49864
SO49864
SO49864
SO49864
SO49864
SO49865
SO49865
SO49865
SO49865
SO49865
SO49865
SO49865
SO49865
SO49865
SO49865
SO49865
SO49865
SO49865
SO49865
SO49865
SO49865
SO49865
SO49865
SO49865
SO49865
SO49865
SO49865
SO49865
SO49865
SO49865
SO49865
SO49865
SO49865
SO49865
SO49865
SO49865
SO49865
SO49865
SO49865
SO49865
SO49865
SO49865
SO49865
SO49865
SO49865
SO49865
SO49865
SO49865
SO49865
SO49865
SO49865
SO49865
SO49865
SO49865
SO49866
SO49866
SO49867
SO49868
SO49868
SO49868
SO49868
SO49868
SO49868
SO49868
SO49869
SO49869
SO49869
SO49869
SO49869
SO49869
SO49869
SO49869
SO49869
SO49869
SO49869
SO49869
SO49869
SO49869
SO49869
SO49869
SO49869
SO49869
SO49869
SO49869
SO49869
SO49869
SO49869
SO49869
SO49869
SO49869
SO49869
SO49869
SO49869
SO49869
SO49869
SO49869
SO49869
SO49869
SO49869
SO49870
SO49870
SO49870
SO49870
SO49870
SO49870
SO49870
SO49870
SO49870
SO49870
SO49870
SO49870
SO49870
SO49870
SO49870
SO49870
SO49870
SO49870
SO49870
SO49870
SO49870
SO49870
SO49870
SO49870
SO49870
SO49870
SO49870
SO49870
SO49870
SO49870
SO49870
SO49870
SO49870
SO49870
SO49870
SO49870
SO49870
SO49870
SO49870
SO49870
SO49870
SO49870
SO49870
SO49870
SO49870
SO49870
SO49870
SO49870
SO49870
SO49870
SO49870
SO49870
SO49871
SO49871
SO49871
SO49871
SO49871
SO49871
SO49871
SO49872
SO49873
SO49873
SO49874
SO49874
SO49875
SO49876
SO49876
SO49876
SO49876
SO49876
SO49876
SO49876
SO49876
SO49876
SO49876
SO49876
SO49876
SO49876
SO49876
SO49876
SO49876
SO49876
SO49876
SO49876
SO49876
SO49876
SO49876
SO49876
SO49876
SO49876
SO49876
SO49876
SO49876
SO49876
SO49876
SO49876
SO49876
SO49877
SO49877
SO49877
SO49877
SO49877
SO49877
SO49877
SO49877
SO49877
SO49877
SO49877
SO49877
SO49877
SO49877
SO49877
SO49877
SO49877
SO49877
SO49877
SO49877
SO49877
SO49877
SO49878
SO49878
SO49878
SO49878
SO49878
SO49878
SO49878
SO49878
SO49878
SO49878
SO49879
SO49879
SO49879
SO49879
SO49879
SO49879
SO49879
SO49879
SO49879
SO49879
SO49879
SO49879
SO49879
SO49879
SO49879
SO49879
SO49879
SO49879
SO49879
SO49879
SO49879
SO49879
SO49879
SO49879
SO49879
SO49879
SO49879
SO49879
SO49879
SO49879
SO49879
SO49879
SO49879
SO49879
SO49879
SO49879
SO49879
SO49879
SO49879
SO49879
SO49879
SO49879
SO49879
SO49879
SO49879
SO49879
SO49879
SO49879
SO49879
SO49880
SO49880
SO49880
SO49881
SO49882
SO49883
SO49884
SO49884
SO49884
SO49884
SO49884
SO49884
SO49884
SO49884
SO49884
SO49884
SO49884
SO49884
SO49884
SO49884
SO49884
SO49884
SO49884
SO49884
SO49884
SO49884
SO49884
SO49884
SO49884
SO49884
SO49884
SO49884
SO49884
SO49884
SO49884
SO49884
SO49884
SO49884
SO49884
SO49884
SO49884
SO49884
SO49884
SO49884
SO49884
SO49884
SO49885
SO49885
SO49885
SO49885
SO49885
SO49885
SO49885
SO49885
SO49885
SO49885
SO49886
SO49887
SO49887
SO49887
SO49887
SO49887
SO49887
SO49887
SO49888
SO49888
SO49888
SO49888
SO49888
SO49888
SO49888
SO49888
SO49888
SO49888
SO49888
SO49888
SO49888
SO49888
SO49888
SO49888
SO49888
SO49888
SO49888
SO49888
SO49888
SO49888
SO49888
SO49888
SO49888
SO49888
SO49888
SO49888
SO49888
SO49888
SO49888
SO49888
SO49888
SO49888
SO49888
SO49888
SO49888
SO49888
SO49888
SO49888
SO49888
SO49888
SO49888
SO49888
SO49888
SO49888
SO49888
SO49888
SO49888
SO49888
SO49888
SO49888
SO49889
SO49889
SO49889
SO49889
SO49889
SO49889
SO49889
SO49889
SO49890
SO49890
SO49890
SO49890
SO49890
SO49890
SO49890
SO49890
SO49890
SO49890
SO49890
SO49890
SO49890
SO49890
SO49890
SO49890
SO49890
SO49890
SO49890
SO49890
SO49890
SO49890
SO49890
SO49890
SO49890
SO49890
SO49890
SO49890
SO49890
SO49890
SO49890
SO49890
SO49890
SO49890
SO49890
SO49890
SO49890
SO49890
SO49890
SO49890
SO49890
SO49890
SO49890
SO49890
SO49890
SO49891
SO49891
SO49891
SO49891
SO49891
SO49891
SO49891
SO49891
SO49891
SO49891
SO49891
SO49891
SO49891
SO49891
SO49891
SO49891
SO49891
SO49891
SO49891
SO49891
SO49891
SO49891
SO49891
SO49891
SO49891
SO49891
SO49891
SO49891
SO49891
SO49891
SO49891
SO49891
SO49891
SO49891
SO49891
SO49891
SO49891
SO49891
SO49891
SO49891
SO49891
SO49891
SO49891
SO49891
SO49891
SO49891
SO49891
SO49891
SO49891
SO49891
SO49891
SO49891
SO49891
SO49891
SO49892
SO49892
SO49893
SO49893
SO49893
SO49893
SO49893
SO49893
SO49893
SO49893
SO49893
SO49893
SO49893
SO49893
SO49893
SO49893
SO49893
SO49893
SO49893
SO49893
SO49893
SO49893
SO49893
SO49893
SO49893
SO49893
SO49893
SO49893
SO49893
SO49893
SO49893
SO49893
SO49893
SO49893
SO49893
SO49893
SO49893
SO49893
SO49893
SO49893
SO49893
SO49893
SO49893
SO49894
SO49894
SO49894
SO49894
SO49894
SO49894
SO49894
SO49894
SO49894
SO49894
SO49894
SO49894
SO49894
SO49894
SO49894
SO49894
SO49894
SO49894
SO49894
SO49894
SO49894
SO49894
SO50189
SO50189
SO50189
SO50189
SO50189
SO50189
SO50189
SO50189
SO50189
SO50189
SO50189
SO50189
SO50189
SO50189
SO50189
SO50189
SO50189
SO50189
SO50189
SO50189
SO50189
SO50189
SO50189
SO50190
SO50190
SO50190
SO50190
SO50191
SO50191
SO50191
SO50191
SO50191
SO50191
SO50191
SO50191
SO50191
SO50191
SO50191
SO50191
SO50191
SO50191
SO50191
SO50191
SO50191
SO50191
SO50191
SO50191
SO50191
SO50191
SO50191
SO50191
SO50191
SO50191
SO50191
SO50191
SO50191
SO50191
SO50191
SO50191
SO50191
SO50191
SO50192
SO50192
SO50192
SO50192
SO50192
SO50192
SO50192
SO50192
SO50192
SO50192
SO50192
SO50192
SO50193
SO50193
SO50193
SO50193
SO50194
SO50195
SO50195
SO50195
SO50195
SO50195
SO50195
SO50195
SO50195
SO50195
SO50195
SO50195
SO50195
SO50195
SO50195
SO50195
SO50195
SO50195
SO50195
SO50195
SO50195
SO50195
SO50195
SO50195
SO50195
SO50196
SO50196
SO50197
SO50197
SO50198
SO50198
SO50199
SO50199
SO50199
SO50199
SO50199
SO50199
SO50199
SO50199
SO50199
SO50199
SO50199
SO50199
SO50200
SO50200
SO50200
SO50200
SO50200
SO50200
SO50200
SO50200
SO50200
SO50200
SO50201
SO50201
SO50201
SO50202
SO50202
SO50202
SO50203
SO50203
SO50203
SO50203
SO50203
SO50203
SO50203
SO50203
SO50203
SO50203
SO50203
SO50203
SO50203
SO50203
SO50203
SO50203
SO50203
SO50203
SO50203
SO50203
SO50203
SO50203
SO50203
SO50203
SO50203
SO50203
SO50203
SO50203
SO50203
SO50203
SO50203
SO50203
SO50203
SO50203
SO50203
SO50203
SO50204
SO50204
SO50204
SO50204
SO50204
SO50204
SO50204
SO50204
SO50204
SO50204
SO50204
SO50204
SO50204
SO50204
SO50204
SO50204
SO50204
SO50204
SO50204
SO50204
SO50204
SO50204
SO50204
SO50204
SO50204
SO50204
SO50204
SO50204
SO50204
SO50204
SO50204
SO50204
SO50204
SO50204
SO50204
SO50204
SO50204
SO50204
SO50204
SO50204
SO50204
SO50204
SO50204
SO50204
SO50204
SO50204
SO50204
SO50204
SO50204
SO50204
SO50204
SO50204
SO50204
SO50205
SO50205
SO50205
SO50205
SO50205
SO50205
SO50205
SO50205
SO50205
SO50205
SO50205
SO50205
SO50206
SO50206
SO50206
SO50206
SO50206
SO50206
SO50206
SO50206
SO50206
SO50206
SO50206
SO50206
SO50206
SO50206
SO50206
SO50206
SO50206
SO50206
SO50206
SO50206
SO50206
SO50206
SO50206
SO50206
SO50206
SO50206
SO50206
SO50206
SO50206
SO50206
SO50206
SO50206
SO50206
SO50206
SO50206
SO50206
SO50206
SO50206
SO50206
SO50206
SO50206
SO50206
SO50206
SO50206
SO50206
SO50206
SO50206
SO50206
SO50207
SO50208
SO50208
SO50208
SO50208
SO50208
SO50208
SO50208
SO50208
SO50208
SO50208
SO50208
SO50208
SO50208
SO50208
SO50208
SO50208
SO50208
SO50208
SO50208
SO50208
SO50208
SO50208
SO50208
SO50208
SO50208
SO50208
SO50208
SO50208
SO50208
SO50208
SO50208
SO50208
SO50208
SO50208
SO50208
SO50208
SO50208
SO50208
SO50208
SO50208
SO50208
SO50208
SO50208
SO50208
SO50208
SO50208
SO50209
SO50209
SO50209
SO50209
SO50209
SO50209
SO50209
SO50209
SO50209
SO50209
SO50209
SO50209
SO50209
SO50209
SO50209
SO50209
SO50209
SO50209
SO50209
SO50209
SO50209
SO50209
SO50209
SO50209
SO50209
SO50209
SO50209
SO50209
SO50209
SO50209
SO50209
SO50209
SO50209
SO50209
SO50209
SO50209
SO50209
SO50209
SO50209
SO50209
SO50209
SO50209
SO50209
SO50210
SO50210
SO50210
SO50210
SO50210
SO50210
SO50210
SO50210
SO50210
SO50210
SO50210
SO50210
SO50210
SO50210
SO50210
SO50210
SO50210
SO50210
SO50210
SO50210
SO50210
SO50210
SO50210
SO50210
SO50210
SO50210
SO50210
SO50211
SO50211
SO50211
SO50211
SO50211
SO50211
SO50211
SO50211
SO50211
SO50211
SO50211
SO50212
SO50212
SO50212
SO50212
SO50212
SO50212
SO50212
SO50212
SO50212
SO50213
SO50213
SO50213
SO50213
SO50213
SO50213
SO50213
SO50213
SO50213
SO50213
SO50213
SO50213
SO50213
SO50213
SO50213
SO50213
SO50213
SO50213
SO50213
SO50213
SO50213
SO50214
SO50214
SO50214
SO50214
SO50214
SO50214
SO50214
SO50214
SO50214
SO50214
SO50214
SO50214
SO50214
SO50214
SO50214
SO50214
SO50214
SO50214
SO50214
SO50214
SO50214
SO50214
SO50214
SO50214
SO50214
SO50214
SO50214
SO50214
SO50214
SO50214
SO50214
SO50214
SO50215
SO50215
SO50215
SO50215
SO50215
SO50216
SO50216
SO50216
SO50216
SO50216
SO50216
SO50217
SO50217
SO50217
SO50217
SO50217
SO50217
SO50217
SO50217
SO50217
SO50217
SO50217
SO50217
SO50217
SO50217
SO50217
SO50217
SO50217
SO50217
SO50217
SO50217
SO50217
SO50217
SO50217
SO50218
SO50218
SO50218
SO50218
SO50218
SO50218
SO50218
SO50218
SO50218
SO50218
SO50218
SO50218
SO50218
SO50218
SO50218
SO50218
SO50218
SO50218
SO50218
SO50218
SO50218
SO50218
SO50218
SO50218
SO50218
SO50218
SO50218
SO50218
SO50218
SO50218
SO50218
SO50218
SO50218
SO50218
SO50218
SO50218
SO50218
SO50218
SO50218
SO50218
SO50218
SO50218
SO50219
SO50219
SO50219
SO50220
SO50220
SO50220
SO50220
SO50220
SO50220
SO50220
SO50221
SO50221
SO50221
SO50221
SO50221
SO50221
SO50221
SO50221
SO50221
SO50221
SO50221
SO50221
SO50221
SO50221
SO50221
SO50221
SO50221
SO50221
SO50221
SO50221
SO50221
SO50221
SO50221
SO50221
SO50221
SO50221
SO50221
SO50221
SO50221
SO50221
SO50221
SO50221
SO50222
SO50222
SO50222
SO50222
SO50222
SO50222
SO50222
SO50222
SO50222
SO50222
SO50222
SO50222
SO50222
SO50222
SO50222
SO50222
SO50222
SO50222
SO50222
SO50222
SO50222
SO50222
SO50222
SO50222
SO50222
SO50222
SO50222
SO50222
SO50222
SO50222
SO50222
SO50222
SO50222
SO50222
SO50222
SO50222
SO50222
SO50222
SO50222
SO50222
SO50222
SO50222
SO50222
SO50222
SO50222
SO50222
SO50222
SO50222
SO50222
SO50222
SO50222
SO50222
SO50222
SO50222
SO50222
SO50222
SO50223
SO50223
SO50223
SO50223
SO50223
SO50223
SO50224
SO50224
SO50224
SO50224
SO50224
SO50224
SO50224
SO50224
SO50225
SO50225
SO50225
SO50225
SO50225
SO50225
SO50225
SO50225
SO50225
SO50225
SO50225
SO50225
SO50225
SO50225
SO50225
SO50225
SO50225
SO50225
SO50225
SO50225
SO50225
SO50225
SO50225
SO50225
SO50225
SO50225
SO50225
SO50225
SO50225
SO50225
SO50225
SO50225
SO50225
SO50225
SO50225
SO50225
SO50225
SO50225
SO50225
SO50225
SO50225
SO50225
SO50225
SO50225
SO50225
SO50225
SO50225
SO50225
SO50226
SO50226
SO50226
SO50226
SO50226
SO50226
SO50226
SO50226
SO50226
SO50226
SO50226
SO50226
SO50226
SO50226
SO50226
SO50226
SO50226
SO50226
SO50226
SO50226
SO50226
SO50226
SO50226
SO50226
SO50226
SO50226
SO50226
SO50226
SO50226
SO50226
SO50226
SO50226
SO50226
SO50226
SO50226
SO50226
SO50226
SO50226
SO50226
SO50226
SO50226
SO50226
SO50226
SO50226
SO50226
SO50226
SO50226
SO50226
SO50226
SO50226
SO50226
SO50226
SO50226
SO50226
SO50226
SO50227
SO50228
SO50228
SO50228
SO50228
SO50228
SO50228
SO50228
SO50228
SO50228
SO50228
SO50228
SO50228
SO50228
SO50228
SO50228
SO50228
SO50228
SO50228
SO50228
SO50228
SO50228
SO50228
SO50229
SO50229
SO50230
SO50230
SO50230
SO50230
SO50230
SO50230
SO50230
SO50230
SO50230
SO50230
SO50230
SO50231
SO50231
SO50231
SO50231
SO50231
SO50231
SO50231
SO50231
SO50231
SO50231
SO50231
SO50231
SO50231
SO50231
SO50231
SO50231
SO50231
SO50231
SO50231
SO50231
SO50231
SO50231
SO50231
SO50231
SO50231
SO50231
SO50231
SO50231
SO50231
SO50231
SO50231
SO50231
SO50231
SO50231
SO50232
SO50232
SO50232
SO50232
SO50232
SO50232
SO50232
SO50232
SO50232
SO50232
SO50232
SO50232
SO50232
SO50232
SO50232
SO50232
SO50232
SO50232
SO50232
SO50232
SO50233
SO50233
SO50233
SO50233
SO50234
SO50234
SO50234
SO50234
SO50235
SO50235
SO50235
SO50235
SO50235
SO50235
SO50235
SO50235
SO50235
SO50235
SO50235
SO50235
SO50235
SO50235
SO50235
SO50235
SO50235
SO50235
SO50235
SO50235
SO50235
SO50235
SO50235
SO50235
SO50235
SO50235
SO50235
SO50235
SO50235
SO50235
SO50236
SO50236
SO50236
SO50236
SO50236
SO50236
SO50236
SO50236
SO50236
SO50236
SO50236
SO50236
SO50236
SO50236
SO50236
SO50236
SO50236
SO50236
SO50236
SO50236
SO50236
SO50236
SO50236
SO50236
SO50236
SO50236
SO50236
SO50236
SO50236
SO50236
SO50236
SO50236
SO50236
SO50236
SO50236
SO50236
SO50237
SO50237
SO50237
SO50237
SO50237
SO50237
SO50237
SO50237
SO50237
SO50237
SO50237
SO50237
SO50237
SO50237
SO50237
SO50237
SO50237
SO50237
SO50237
SO50237
SO50237
SO50237
SO50237
SO50237
SO50237
SO50237
SO50237
SO50237
SO50237
SO50237
SO50237
SO50237
SO50237
SO50237
SO50237
SO50237
SO50237
SO50237
SO50237
SO50237
SO50238
SO50238
SO50239
SO50239
SO50239
SO50239
SO50239
SO50240
SO50241
SO50241
SO50242
SO50242
SO50242
SO50242
SO50242
SO50242
SO50242
SO50242
SO50242
SO50242
SO50242
SO50242
SO50242
SO50242
SO50242
SO50242
SO50242
SO50242
SO50242
SO50242
SO50242
SO50242
SO50242
SO50242
SO50242
SO50242
SO50242
SO50242
SO50242
SO50242
SO50242
SO50242
SO50242
SO50242
SO50242
SO50242
SO50242
SO50242
SO50242
SO50242
SO50242
SO50242
SO50242
SO50242
SO50242
SO50242
SO50242
SO50242
SO50243
SO50243
SO50243
SO50243
SO50243
SO50243
SO50243
SO50243
SO50243
SO50243
SO50243
SO50244
SO50244
SO50244
SO50244
SO50244
SO50244
SO50244
SO50244
SO50244
SO50244
SO50244
SO50244
SO50244
SO50244
SO50244
SO50244
SO50244
SO50244
SO50244
SO50244
SO50244
SO50244
SO50244
SO50244
SO50244
SO50244
SO50244
SO50244
SO50244
SO50244
SO50244
SO50244
SO50244
SO50244
SO50244
SO50244
SO50244
SO50244
SO50244
SO50245
SO50245
SO50245
SO50245
SO50245
SO50245
SO50245
SO50245
SO50245
SO50245
SO50245
SO50245
SO50245
SO50245
SO50245
SO50245
SO50245
SO50245
SO50245
SO50245
SO50245
SO50245
SO50245
SO50245
SO50245
SO50245
SO50245
SO50245
SO50245
SO50245
SO50245
SO50245
SO50245
SO50245
SO50245
SO50245
SO50245
SO50245
SO50245
SO50245
SO50245
SO50245
SO50245
SO50245
SO50245
SO50246
SO50246
SO50246
SO50246
SO50246
SO50246
SO50246
SO50246
SO50246
SO50246
SO50246
SO50246
SO50246
SO50246
SO50246
SO50247
SO50248
SO50248
SO50248
SO50249
SO50249
SO50249
SO50249
SO50249
SO50249
SO50249
SO50249
SO50249
SO50249
SO50249
SO50249
SO50250
SO50250
SO50250
SO50250
SO50250
SO50250
SO50250
SO50251
SO50252
SO50252
SO50252
SO50252
SO50252
SO50252
SO50252
SO50252
SO50252
SO50252
SO50252
SO50252
SO50252
SO50252
SO50252
SO50252
SO50252
SO50252
SO50252
SO50252
SO50252
SO50252
SO50252
SO50252
SO50252
SO50252
SO50252
SO50252
SO50252
SO50252
SO50252
SO50252
SO50252
SO50252
SO50252
SO50252
SO50252
SO50252
SO50252
SO50252
SO50252
SO50252
SO50252
SO50252
SO50252
SO50252
SO50253
SO50253
SO50253
SO50253
SO50253
SO50253
SO50253
SO50253
SO50253
SO50253
SO50254
SO50255
SO50256
SO50257
SO50258
SO50258
SO50258
SO50259
SO50259
SO50259
SO50259
SO50259
SO50259
SO50259
SO50259
SO50259
SO50259
SO50259
SO50259
SO50259
SO50259
SO50259
SO50259
SO50259
SO50259
SO50259
SO50259
SO50259
SO50259
SO50259
SO50259
SO50259
SO50259
SO50259
SO50259
SO50259
SO50259
SO50259
SO50259
SO50259
SO50259
SO50259
SO50259
SO50259
SO50259
SO50259
SO50259
SO50259
SO50259
SO50259
SO50259
SO50259
SO50259
SO50259
SO50260
SO50260
SO50260
SO50260
SO50260
SO50260
SO50260
SO50261
SO50261
SO50261
SO50261
SO50261
SO50261
SO50261
SO50262
SO50262
SO50263
SO50263
SO50263
SO50263
SO50263
SO50263
SO50263
SO50263
SO50263
SO50263
SO50263
SO50263
SO50263
SO50263
SO50263
SO50263
SO50263
SO50263
SO50263
SO50263
SO50263
SO50264
SO50265
SO50265
SO50265
SO50265
SO50265
SO50265
SO50265
SO50265
SO50265
SO50265
SO50265
SO50265
SO50265
SO50265
SO50265
SO50265
SO50265
SO50265
SO50265
SO50265
SO50265
SO50265
SO50265
SO50265
SO50265
SO50265
SO50265
SO50265
SO50265
SO50265
SO50265
SO50265
SO50265
SO50265
SO50265
SO50265
SO50265
SO50265
SO50265
SO50265
SO50265
SO50265
SO50265
SO50265
SO50265
SO50265
SO50265
SO50265
SO50266
SO50266
SO50266
SO50266
SO50266
SO50266
SO50266
SO50266
SO50266
SO50266
SO50267
SO50268
SO50268
SO50269
SO50269
SO50269
SO50269
SO50269
SO50269
SO50269
SO50270
SO50270
SO50270
SO50270
SO50270
SO50270
SO50270
SO50270
SO50270
SO50270
SO50270
SO50270
SO50270
SO50270
SO50270
SO50270
SO50270
SO50270
SO50270
SO50270
SO50270
SO50270
SO50270
SO50270
SO50270
SO50270
SO50271
SO50272
SO50272
SO50272
SO50272
SO50272
SO50272
SO50272
SO50272
SO50272
SO50272
SO50272
SO50272
SO50272
SO50272
SO50272
SO50272
SO50272
SO50272
SO50272
SO50272
SO50272
SO50272
SO50272
SO50272
SO50272
SO50272
SO50272
SO50272
SO50272
SO50272
SO50272
SO50272
SO50272
SO50272
SO50272
SO50272
SO50272
SO50272
SO50272
SO50272
SO50273
SO50274
SO50274
SO50274
SO50274
SO50274
SO50274
SO50275
SO50275
SO50275
SO50275
SO50276
SO50276
SO50276
SO50276
SO50276
SO50276
SO50276
SO50276
SO50276
SO50276
SO50277
SO50277
SO50277
SO50277
SO50277
SO50277
SO50278
SO50279
SO50279
SO50279
SO50279
SO50279
SO50279
SO50280
SO50280
SO50280
SO50280
SO50280
SO50280
SO50280
SO50280
SO50280
SO50280
SO50280
SO50280
SO50280
SO50280
SO50280
SO50280
SO50280
SO50280
SO50280
SO50280
SO50280
SO50280
SO50280
SO50280
SO50280
SO50280
SO50280
SO50280
SO50280
SO50280
SO50280
SO50280
SO50280
SO50280
SO50280
SO50280
SO50280
SO50280
SO50280
SO50280
SO50280
SO50280
SO50280
SO50281
SO50281
SO50281
SO50281
SO50281
SO50281
SO50281
SO50281
SO50281
SO50281
SO50282
SO50282
SO50282
SO50282
SO50282
SO50282
SO50282
SO50282
SO50282
SO50282
SO50282
SO50282
SO50282
SO50282
SO50282
SO50282
SO50282
SO50282
SO50282
SO50282
SO50282
SO50282
SO50283
SO50283
SO50283
SO50283
SO50284
SO50284
SO50284
SO50284
SO50284
SO50284
SO50284
SO50284
SO50284
SO50284
SO50284
SO50284
SO50284
SO50284
SO50284
SO50284
SO50284
SO50284
SO50284
SO50284
SO50284
SO50284
SO50284
SO50284
SO50284
SO50284
SO50284
SO50284
SO50284
SO50284
SO50284
SO50284
SO50284
SO50284
SO50284
SO50284
SO50284
SO50284
SO50284
SO50284
SO50284
SO50284
SO50284
SO50284
SO50284
SO50284
SO50284
SO50284
SO50284
SO50285
SO50286
SO50287
SO50288
SO50289
SO50289
SO50289
SO50289
SO50289
SO50289
SO50289
SO50289
SO50289
SO50289
SO50289
SO50289
SO50289
SO50289
SO50289
SO50289
SO50289
SO50289
SO50289
SO50289
SO50289
SO50289
SO50289
SO50289
SO50289
SO50289
SO50289
SO50289
SO50289
SO50289
SO50289
SO50289
SO50289
SO50289
SO50289
SO50289
SO50289
SO50289
SO50289
SO50289
SO50289
SO50289
SO50289
SO50289
SO50289
SO50289
SO50289
SO50289
SO50289
SO50289
SO50289
SO50289
SO50289
SO50290
SO50290
SO50290
SO50290
SO50290
SO50290
SO50290
SO50290
SO50290
SO50290
SO50290
SO50290
SO50290
SO50290
SO50290
SO50290
SO50290
SO50290
SO50290
SO50290
SO50291
SO50291
SO50292
SO50292
SO50292
SO50292
SO50292
SO50292
SO50292
SO50292
SO50292
SO50292
SO50292
SO50292
SO50292
SO50292
SO50292
SO50292
SO50292
SO50292
SO50292
SO50292
SO50292
SO50292
SO50292
SO50292
SO50293
SO50293
SO50293
SO50293
SO50293
SO50293
SO50293
SO50293
SO50293
SO50293
SO50293
SO50293
SO50293
SO50293
SO50293
SO50293
SO50293
SO50293
SO50293
SO50293
SO50293
SO50293
SO50294
SO50294
SO50294
SO50294
SO50294
SO50294
SO50294
SO50294
SO50294
SO50294
SO50294
SO50294
SO50294
SO50294
SO50294
SO50294
SO50294
SO50294
SO50294
SO50294
SO50294
SO50294
SO50294
SO50294
SO50294
SO50294
SO50294
SO50294
SO50294
SO50294
SO50294
SO50294
SO50294
SO50294
SO50294
SO50295
SO50295
SO50295
SO50295
SO50295
SO50295
SO50295
SO50295
SO50295
SO50295
SO50295
SO50295
SO50295
SO50295
SO50295
SO50295
SO50295
SO50295
SO50295
SO50295
SO50295
SO50295
SO50295
SO50295
SO50295
SO50296
SO50296
SO50296
SO50296
SO50297
SO50297
SO50297
SO50297
SO50297
SO50297
SO50297
SO50297
SO50297
SO50297
SO50297
SO50297
SO50297
SO50297
SO50297
SO50297
SO50297
SO50297
SO50297
SO50297
SO50297
SO50297
SO50297
SO50297
SO50297
SO50297
SO50297
SO50297
SO50297
SO50297
SO50297
SO50297
SO50297
SO50297
SO50297
SO50297
SO50297
SO50297
SO50297
SO50297
SO50297
SO50297
SO50297
SO50297
SO50297
SO50297
SO50297
SO50297
SO50297
SO50297
SO50297
SO50297
SO50297
SO50298
SO50298
SO50298
SO50298
SO50298
SO50298
SO50298
SO50298
SO50298
SO50298
SO50298
SO50298
SO50298
SO50298
SO50298
SO50298
SO50298
SO50298
SO50298
SO50298
SO50298
SO50298
SO50298
SO50298
SO50298
SO50298
SO50298
SO50298
SO50298
SO50299
SO50299
SO50300
SO50300
SO50301
SO50301
SO50301
SO50301
SO50301
SO50301
SO50301
SO50301
SO50301
SO50301
SO50301
SO50301
SO50301
SO50301
SO50301
SO50301
SO50301
SO50301
SO50301
SO50301
SO50301
SO50301
SO50302
SO50302
SO50302
SO50302
SO50302
SO50302
SO50302
SO50302
SO50302
SO50303
SO50304
SO50304
SO50304
SO50304
SO50304
SO50304
SO50304
SO50304
SO50304
SO50304
SO50304
SO50304
SO50304
SO50304
SO50304
SO50304
SO50304
SO50304
SO50304
SO50304
SO50304
SO50304
SO50304
SO50304
SO50304
SO50304
SO50304
SO50304
SO50304
SO50304
SO50304
SO50304
SO50304
SO50304
SO50304
SO50304
SO50304
SO50304
SO50304
SO50304
SO50304
SO50304
SO50304
SO50304
SO50304
SO50305
SO50306
SO50306
SO50306
SO50306
SO50306
SO50306
SO50306
SO50306
SO50306
SO50306
SO50306
SO50306
SO50306
SO50306
SO50306
SO50306
SO50306
SO50306
SO50306
SO50306
SO50306
SO50306
SO50306
SO50306
SO50306
SO50306
SO50306
SO50306
SO50306
SO50306
SO50306
SO50306
SO50306
SO50306
SO50306
SO50306
SO50306
SO50306
SO50306
SO50306
SO50306
SO50306
SO50307
SO50307
SO50307
SO50307
SO50307
SO50307
SO50307
SO50307
SO50307
SO50308
SO50308
SO50308
SO50308
SO50309
SO50310
SO50310
SO50310
SO50310
SO50310
SO50310
SO50310
SO50310
SO50310
SO50310
SO50310
SO50310
SO50310
SO50310
SO50310
SO50310
SO50310
SO50310
SO50310
SO50310
SO50310
SO50310
SO50310
SO50310
SO50310
SO50310
SO50310
SO50310
SO50310
SO50310
SO50310
SO50310
SO50310
SO50310
SO50310
SO50310
SO50310
SO50310
SO50310
SO50311
SO50311
SO50311
SO50311
SO50311
SO50311
SO50311
SO50311
SO50311
SO50311
SO50311
SO50311
SO50311
SO50311
SO50311
SO50311
SO50311
SO50311
SO50311
SO50311
SO50311
SO50311
SO50311
SO50311
SO50311
SO50311
SO50311
SO50311
SO50311
SO50311
SO50311
SO50311
SO50311
SO50311
SO50311
SO50311
SO50311
SO50311
SO50311
SO50312
SO50312
SO50312
SO50312
SO50312
SO50312
SO50312
SO50312
SO50312
SO50312
SO50312
SO50312
SO50312
SO50312
SO50312
SO50312
SO50312
SO50312
SO50312
SO50312
SO50312
SO50312
SO50312
SO50312
SO50312
SO50312
SO50312
SO50312
SO50312
SO50312
SO50312
SO50312
SO50312
SO50312
SO50312
SO50312
SO50313
SO50313
SO50313
SO50313
SO50313
SO50313
SO50313
SO50313
SO50313
SO50313
SO50313
SO50313
SO50313
SO50313
SO50313
SO50313
SO50313
SO50313
SO50313
SO50313
SO50313
SO50313
SO50313
SO50313
SO50313
SO50313
SO50313
SO50313
SO50313
SO50313
SO50313
SO50313
SO50313
SO50313
SO50313
SO50313
SO50313
SO50313
SO50313
SO50313
SO50313
SO50313
SO50313
SO50313
SO50313
SO50313
SO50313
SO50313
SO50314
SO50314
SO50314
SO50314
SO50314
SO50314
SO50314
SO50314
SO50314
SO50314
SO50314
SO50314
SO50314
SO50314
SO50314
SO50314
SO50314
SO50314
SO50314
SO50314
SO50314
SO50314
SO50314
SO50314
SO50314
SO50314
SO50314
SO50314
SO50314
SO50314
SO50315
SO50315
SO50315
SO50315
SO50315
SO50315
SO50315
SO50315
SO50315
SO50315
SO50315
SO50315
SO50315
SO50316
SO50316
SO50316
SO50316
SO50316
SO50316
SO50316
SO50316
SO50317
SO50317
SO50318
SO50319
SO50319
SO50320
SO50321
SO50321
SO50321
SO50321
SO50321
SO50321
SO50321
SO50321
SO50321
SO50321
SO50321
SO50321
SO50321
SO50321
SO50321
SO50321
SO50321
SO50321
SO50321
SO50321
SO50321
SO50321
SO50321
SO50321
SO50321
SO50321
SO50321
SO50321
SO50321
SO50321
SO50322
SO50322
SO50322
SO50322
SO50322
SO50322
SO50322
SO50322
SO50322
SO50322
SO50322
SO50322
SO50322
SO50322
SO50322
SO50322
SO50322
SO50322
SO50322
SO50322
SO50322
SO50322
SO50322
SO50322
SO50322
SO50322
SO50322
SO50322
SO50322
SO50322
SO50322
SO50322
SO50322
SO50322
SO50322
SO50322
SO50322
SO50322
SO50322
SO50322
SO50322
SO50658
SO50658
SO50658
SO50659
SO50659
SO50660
SO50661
SO50661
SO50661
SO50661
SO50661
SO50661
SO50661
SO50661
SO50661
SO50661
SO50661
SO50661
SO50661
SO50661
SO50661
SO50661
SO50661
SO50661
SO50661
SO50661
SO50661
SO50661
SO50661
SO50661
SO50661
SO50661
SO50661
SO50661
SO50661
SO50661
SO50661
SO50662
SO50662
SO50662
SO50662
SO50662
SO50662
SO50662
SO50662
SO50662
SO50662
SO50662
SO50662
SO50662
SO50662
SO50662
SO50662
SO50662
SO50662
SO50662
SO50662
SO50662
SO50662
SO50662
SO50662
SO50663
SO50663
SO50663
SO50663
SO50663
SO50663
SO50663
SO50663
SO50663
SO50663
SO50663
SO50663
SO50663
SO50663
SO50663
SO50663
SO50663
SO50663
SO50663
SO50663
SO50663
SO50663
SO50663
SO50663
SO50663
SO50663
SO50663
SO50663
SO50663
SO50663
SO50663
SO50663
SO50663
SO50663
SO50663
SO50663
SO50663
SO50663
SO50663
SO50663
SO50663
SO50663
SO50663
SO50663
SO50663
SO50663
SO50663
SO50663
SO50663
SO50663
SO50663
SO50663
SO50663
SO50663
SO50663
SO50663
SO50664
SO50664
SO50664
SO50664
SO50664
SO50664
SO50664
SO50664
SO50664
SO50664
SO50664
SO50664
SO50664
SO50664
SO50664
SO50664
SO50664
SO50664
SO50664
SO50664
SO50664
SO50664
SO50664
SO50664
SO50664
SO50664
SO50664
SO50664
SO50664
SO50664
SO50664
SO50664
SO50664
SO50664
SO50664
SO50664
SO50664
SO50664
SO50664
SO50664
SO50664
SO50665
SO50665
SO50666
SO50666
SO50667
SO50667
SO50667
SO50667
SO50667
SO50667
SO50668
SO50668
SO50668
SO50668
SO50668
SO50668
SO50668
SO50668
SO50668
SO50668
SO50668
SO50668
SO50668
SO50668
SO50668
SO50668
SO50668
SO50668
SO50668
SO50668
SO50668
SO50668
SO50668
SO50668
SO50668
SO50668
SO50668
SO50668
SO50668
SO50668
SO50668
SO50668
SO50668
SO50668
SO50668
SO50668
SO50668
SO50668
SO50668
SO50668
SO50668
SO50668
SO50668
SO50668
SO50668
SO50668
SO50668
SO50669
SO50669
SO50669
SO50669
SO50669
SO50669
SO50669
SO50669
SO50669
SO50669
SO50670
SO50670
SO50671
SO50671
SO50671
SO50671
SO50671
SO50671
SO50671
SO50671
SO50671
SO50671
SO50671
SO50671
SO50671
SO50671
SO50671
SO50671
SO50672
SO50672
SO50672
SO50672
SO50672
SO50672
SO50672
SO50672
SO50672
SO50672
SO50672
SO50672
SO50672
SO50672
SO50672
SO50672
SO50672
SO50672
SO50672
SO50672
SO50672
SO50672
SO50672
SO50672
SO50672
SO50672
SO50672
SO50672
SO50672
SO50672
SO50672
SO50672
SO50672
SO50672
SO50672
SO50672
SO50672
SO50672
SO50672
SO50672
SO50672
SO50672
SO50672
SO50672
SO50672
SO50672
SO50672
SO50672
SO50672
SO50672
SO50672
SO50672
SO50672
SO50672
SO50672
SO50673
SO50673
SO50673
SO50673
SO50673
SO50673
SO50673
SO50673
SO50673
SO50673
SO50673
SO50673
SO50673
SO50673
SO50673
SO50673
SO50673
SO50673
SO50673
SO50673
SO50673
SO50673
SO50673
SO50673
SO50673
SO50673
SO50674
SO50674
SO50675
SO50675
SO50675
SO50675
SO50675
SO50675
SO50675
SO50675
SO50675
SO50675
SO50675
SO50675
SO50675
SO50675
SO50675
SO50675
SO50675
SO50675
SO50675
SO50675
SO50675
SO50675
SO50675
SO50675
SO50675
SO50675
SO50675
SO50675
SO50675
SO50675
SO50675
SO50675
SO50675
SO50675
SO50675
SO50675
SO50675
SO50676
SO50676
SO50676
SO50676
SO50676
SO50676
SO50676
SO50676
SO50676
SO50676
SO50676
SO50676
SO50676
SO50676
SO50676
SO50676
SO50676
SO50676
SO50676
SO50676
SO50676
SO50676
SO50676
SO50676
SO50676
SO50676
SO50676
SO50676
SO50676
SO50676
SO50676
SO50676
SO50676
SO50676
SO50676
SO50676
SO50676
SO50676
SO50676
SO50677
SO50677
SO50677
SO50678
SO50678
SO50678
SO50678
SO50678
SO50678
SO50678
SO50678
SO50678
SO50678
SO50678
SO50678
SO50678
SO50678
SO50678
SO50678
SO50679
SO50679
SO50680
SO50680
SO50680
SO50680
SO50680
SO50681
SO50681
SO50681
SO50681
SO50681
SO50681
SO50681
SO50681
SO50681
SO50681
SO50681
SO50681
SO50681
SO50681
SO50681
SO50681
SO50681
SO50681
SO50681
SO50681
SO50681
SO50681
SO50681
SO50681
SO50681
SO50681
SO50681
SO50681
SO50682
SO50682
SO50682
SO50682
SO50682
SO50682
SO50682
SO50682
SO50682
SO50682
SO50682
SO50682
SO50682
SO50682
SO50682
SO50682
SO50682
SO50682
SO50682
SO50682
SO50682
SO50682
SO50682
SO50682
SO50682
SO50682
SO50682
SO50682
SO50682
SO50682
SO50682
SO50682
SO50682
SO50682
SO50682
SO50683
SO50683
SO50683
SO50683
SO50683
SO50683
SO50683
SO50683
SO50683
SO50683
SO50683
SO50683
SO50683
SO50683
SO50683
SO50683
SO50683
SO50683
SO50683
SO50683
SO50683
SO50683
SO50683
SO50683
SO50683
SO50683
SO50683
SO50683
SO50683
SO50683
SO50683
SO50683
SO50683
SO50683
SO50683
SO50683
SO50683
SO50683
SO50683
SO50683
SO50683
SO50683
SO50683
SO50683
SO50683
SO50683
SO50683
SO50683
SO50683
SO50683
SO50683
SO50683
SO50683
SO50683
SO50683
SO50683
SO50684
SO50684
SO50684
SO50684
SO50684
SO50684
SO50685
SO50685
SO50685
SO50685
SO50685
SO50685
SO50685
SO50685
SO50685
SO50685
SO50686
SO50686
SO50686
SO50686
SO50687
SO50687
SO50687
SO50687
SO50687
SO50687
SO50687
SO50687
SO50687
SO50687
SO50687
SO50687
SO50687
SO50687
SO50687
SO50687
SO50687
SO50687
SO50687
SO50687
SO50688
SO50688
SO50688
SO50688
SO50688
SO50688
SO50688
SO50688
SO50688
SO50688
SO50688
SO50688
SO50688
SO50688
SO50688
SO50688
SO50688
SO50688
SO50688
SO50688
SO50688
SO50688
SO50688
SO50688
SO50688
SO50688
SO50688
SO50688
SO50688
SO50688
SO50688
SO50688
SO50688
SO50688
SO50688
SO50688
SO50688
SO50688
SO50688
SO50688
SO50688
SO50688
SO50688
SO50688
SO50689
SO50689
SO50689
SO50689
SO50689
SO50689
SO50689
SO50689
SO50689
SO50689
SO50689
SO50689
SO50689
SO50689
SO50689
SO50689
SO50689
SO50689
SO50689
SO50689
SO50689
SO50689
SO50689
SO50689
SO50689
SO50689
SO50689
SO50689
SO50689
SO50689
SO50689
SO50689
SO50689
SO50689
SO50689
SO50689
SO50689
SO50689
SO50689
SO50689
SO50689
SO50689
SO50689
SO50689
SO50689
SO50690
SO50691
SO50692
SO50692
SO50693
SO50693
SO50693
SO50693
SO50693
SO50693
SO50693
SO50693
SO50693
SO50693
SO50693
SO50693
SO50693
SO50693
SO50693
SO50693
SO50693
SO50693
SO50693
SO50693
SO50693
SO50693
SO50693
SO50693
SO50693
SO50693
SO50693
SO50693
SO50693
SO50693
SO50693
SO50693
SO50693
SO50693
SO50693
SO50693
SO50693
SO50693
SO50693
SO50693
SO50693
SO50693
SO50693
SO50693
SO50694
SO50694
SO50694
SO50694
SO50694
SO50694
SO50694
SO50694
SO50694
SO50694
SO50694
SO50694
SO50694
SO50694
SO50694
SO50694
SO50694
SO50694
SO50694
SO50694
SO50694
SO50694
SO50694
SO50694
SO50694
SO50694
SO50694
SO50694
SO50694
SO50694
SO50694
SO50694
SO50694
SO50694
SO50694
SO50694
SO50694
SO50694
SO50694
SO50694
SO50694
SO50694
SO50694
SO50694
SO50694
SO50694
SO50694
SO50694
SO50694
SO50694
SO50694
SO50694
SO50694
SO50695
SO50696
SO50696
SO50696
SO50696
SO50696
SO50696
SO50696
SO50696
SO50696
SO50696
SO50696
SO50696
SO50696
SO50696
SO50696
SO50696
SO50696
SO50696
SO50696
SO50696
SO50696
SO50696
SO50696
SO50696
SO50696
SO50696
SO50696
SO50696
SO50696
SO50696
SO50696
SO50696
SO50696
SO50696
SO50696
SO50696
SO50696
SO50697
SO50697
SO50697
SO50697
SO50697
SO50697
SO50697
SO50698
SO50698
SO50698
SO50698
SO50698
SO50698
SO50698
SO50698
SO50698
SO50698
SO50698
SO50698
SO50698
SO50698
SO50698
SO50698
SO50698
SO50698
SO50698
SO50698
SO50699
SO50699
SO50699
SO50699
SO50699
SO50699
SO50699
SO50699
SO50699
SO50699
SO50699
SO50699
SO50699
SO50699
SO50699
SO50699
SO50699
SO50699
SO50699
SO50699
SO50699
SO50699
SO50699
SO50699
SO50699
SO50699
SO50699
SO50699
SO50700
SO50700
SO50700
SO50701
SO50701
SO50701
SO50701
SO50701
SO50701
SO50702
SO50702
SO50702
SO50702
SO50702
SO50702
SO50702
SO50702
SO50702
SO50702
SO50702
SO50702
SO50702
SO50702
SO50702
SO50702
SO50702
SO50702
SO50702
SO50702
SO50702
SO50702
SO50702
SO50703
SO50703
SO50703
SO50703
SO50703
SO50703
SO50703
SO50703
SO50703
SO50703
SO50703
SO50703
SO50703
SO50703
SO50703
SO50703
SO50703
SO50703
SO50703
SO50703
SO50703
SO50703
SO50703
SO50703
SO50703
SO50703
SO50703
SO50703
SO50703
SO50703
SO50703
SO50703
SO50703
SO50703
SO50703
SO50703
SO50703
SO50703
SO50703
SO50703
SO50703
SO50703
SO50703
SO50703
SO50703
SO50703
SO50704
SO50704
SO50704
SO50704
SO50704
SO50704
SO50704
SO50704
SO50704
SO50704
SO50705
SO50705
SO50705
SO50705
SO50705
SO50705
SO50705
SO50705
SO50706
SO50706
SO50706
SO50706
SO50706
SO50706
SO50706
SO50706
SO50706
SO50706
SO50706
SO50706
SO50707
SO50707
SO50707
SO50707
SO50707
SO50707
SO50707
SO50707
SO50708
SO50708
SO50708
SO50708
SO50708
SO50708
SO50708
SO50709
SO50710
SO50710
SO50711
SO50711
SO50711
SO50712
SO50712
SO50712
SO50712
SO50712
SO50712
SO50712
SO50712
SO50712
SO50712
SO50712
SO50712
SO50712
SO50712
SO50712
SO50712
SO50712
SO50712
SO50712
SO50712
SO50712
SO50712
SO50712
SO50712
SO50712
SO50712
SO50712
SO50712
SO50712
SO50712
SO50712
SO50712
SO50712
SO50712
SO50712
SO50712
SO50712
SO50712
SO50712
SO50712
SO50712
SO50713
SO50713
SO50713
SO50714
SO50715
SO50715
SO50715
SO50715
SO50715
SO50716
SO50716
SO50716
SO50716
SO50716
SO50716
SO50716
SO50716
SO50716
SO50716
SO50716
SO50716
SO50716
SO50716
SO50716
SO50716
SO50716
SO50716
SO50716
SO50716
SO50716
SO50716
SO50716
SO50716
SO50716
SO50716
SO50716
SO50716
SO50716
SO50716
SO50716
SO50716
SO50716
SO50716
SO50716
SO50716
SO50716
SO50716
SO50716
SO50716
SO50716
SO50716
SO50716
SO50716
SO50717
SO50717
SO50718
SO50718
SO50719
SO50719
SO50720
SO50720
SO50720
SO50720
SO50720
SO50720
SO50720
SO50720
SO50720
SO50720
SO50720
SO50720
SO50720
SO50720
SO50720
SO50720
SO50720
SO50720
SO50720
SO50720
SO50720
SO50720
SO50720
SO50720
SO50721
SO50721
SO50721
SO50721
SO50721
SO50721
SO50721
SO50721
SO50722
SO50722
SO50722
SO50722
SO50722
SO50722
SO50722
SO50722
SO50722
SO50722
SO50722
SO50722
SO50722
SO50722
SO50722
SO50722
SO50722
SO50722
SO50722
SO50722
SO50722
SO50722
SO50722
SO50722
SO50722
SO50722
SO50722
SO50722
SO50722
SO50722
SO50722
SO50722
SO50722
SO50722
SO50722
SO50722
SO50722
SO50722
SO50722
SO50722
SO50722
SO50722
SO50722
SO50723
SO50723
SO50723
SO50724
SO50724
SO50724
SO50724
SO50724
SO50724
SO50724
SO50724
SO50724
SO50724
SO50724
SO50724
SO50724
SO50724
SO50724
SO50724
SO50724
SO50724
SO50724
SO50724
SO50725
SO50725
SO50725
SO50725
SO50725
SO50725
SO50725
SO50725
SO50725
SO50726
SO50726
SO50726
SO50726
SO50726
SO50726
SO50726
SO50726
SO50726
SO50726
SO50726
SO50726
SO50726
SO50726
SO50726
SO50726
SO50726
SO50726
SO50726
SO50726
SO50726
SO50726
SO50726
SO50726
SO50726
SO50726
SO50726
SO50726
SO50726
SO50726
SO50726
SO50726
SO50726
SO50726
SO50726
SO50726
SO50726
SO50726
SO50726
SO50727
SO50727
SO50727
SO50727
SO50727
SO50727
SO50727
SO50727
SO50727
SO50727
SO50727
SO50727
SO50727
SO50727
SO50727
SO50727
SO50727
SO50727
SO50727
SO50727
SO50727
SO50727
SO50727
SO50727
SO50727
SO50727
SO50727
SO50727
SO50727
SO50727
SO50727
SO50727
SO50727
SO50727
SO50727
SO50727
SO50727
SO50727
SO50727
SO50727
SO50727
SO50727
SO50727
SO50727
SO50727
SO50727
SO50727
SO50727
SO50727
SO50727
SO50728
SO50728
SO50728
SO50728
SO50728
SO50728
SO50728
SO50728
SO50728
SO50728
SO50728
SO50728
SO50728
SO50728
SO50728
SO50728
SO50728
SO50728
SO50728
SO50728
SO50728
SO50728
SO50728
SO50728
SO50728
SO50728
SO50728
SO50728
SO50728
SO50728
SO50729
SO50730
SO50730
SO50731
SO50732
SO50733
SO50733
SO50733
SO50733
SO50733
SO50734
SO50735
SO50735
SO50735
SO50735
SO50736
SO50736
SO50736
SO50736
SO50736
SO50736
SO50736
SO50736
SO50737
SO50737
SO50737
SO50737
SO50737
SO50738
SO50738
SO50738
SO50738
SO50738
SO50738
SO50738
SO50738
SO50738
SO50738
SO50738
SO50738
SO50738
SO50738
SO50738
SO50738
SO50738
SO50738
SO50738
SO50738
SO50738
SO50738
SO50738
SO50738
SO50738
SO50738
SO50738
SO50738
SO50738
SO50738
SO50738
SO50738
SO50738
SO50738
SO50738
SO50738
SO50738
SO50738
SO50738
SO50738
SO50738
SO50738
SO50738
SO50738
SO50738
SO50738
SO50738
SO50738
SO50738
SO50739
SO50739
SO50739
SO50739
SO50739
SO50739
SO50740
SO50740
SO50740
SO50740
SO50740
SO50740
SO50741
SO50741
SO50742
SO50742
SO50742
SO50743
SO50743
SO50743
SO50743
SO50743
SO50743
SO50743
SO50743
SO50743
SO50743
SO50743
SO50743
SO50743
SO50743
SO50743
SO50743
SO50743
SO50743
SO50743
SO50743
SO50744
SO50744
SO50744
SO50744
SO50744
SO50744
SO50744
SO50744
SO50744
SO50745
SO50745
SO50745
SO50745
SO50745
SO50745
SO50745
SO50745
SO50745
SO50745
SO50745
SO50745
SO50745
SO50745
SO50745
SO50745
SO50745
SO50745
SO50745
SO50745
SO50745
SO50745
SO50745
SO50745
SO50745
SO50745
SO50745
SO50745
SO50745
SO50745
SO50745
SO50746
SO50746
SO50746
SO50746
SO50746
SO50746
SO50746
SO50746
SO50746
SO50746
SO50747
SO50747
SO50747
SO50747
SO50747
SO50747
SO50747
SO50747
SO50747
SO50747
SO50747
SO50747
SO50747
SO50747
SO50747
SO50747
SO50747
SO50747
SO50747
SO50747
SO50747
SO50747
SO50747
SO50747
SO50747
SO50747
SO50747
SO50747
SO50747
SO50747
SO50747
SO50747
SO50747
SO50747
SO50747
SO50747
SO50747
SO50747
SO50747
SO50747
SO50748
SO50748
SO50748
SO50748
SO50748
SO50748
SO50748
SO50748
SO50748
SO50748
SO50748
SO50748
SO50748
SO50748
SO50748
SO50748
SO50748
SO50748
SO50748
SO50748
SO50748
SO50748
SO50748
SO50748
SO50748
SO50748
SO50748
SO50748
SO50748
SO50748
SO50748
SO50748
SO50748
SO50748
SO50748
SO50748
SO50748
SO50748
SO50748
SO50748
SO50748
SO50748
SO50748
SO50748
SO50749
SO50749
SO50749
SO50749
SO50749
SO50749
SO50749
SO50749
SO50749
SO50749
SO50749
SO50749
SO50749
SO50749
SO50749
SO50749
SO50749
SO50749
SO50749
SO50749
SO50749
SO50749
SO50749
SO50749
SO50750
SO50750
SO50750
SO50750
SO50750
SO50750
SO50750
SO50751
SO50751
SO50751
SO50751
SO50751
SO50751
SO50751
SO50752
SO50753
SO50753
SO50753
SO50753
SO50753
SO50753
SO50753
SO50753
SO50753
SO50753
SO50753
SO50753
SO50753
SO50753
SO50753
SO50753
SO50753
SO50753
SO50753
SO50753
SO50753
SO50753
SO50753
SO50753
SO50753
SO50753
SO50753
SO50754
SO50754
SO50754
SO50754
SO50754
SO50754
SO50755
SO50755
SO50755
SO50756
SO50756
SO50756
SO50756
SO50756
SO50756
SO50756
SO50756
SO50756
SO50756
SO50756
SO50756
SO50756
SO50756
SO50756
SO50756
SO50756
SO50756
SO50756
SO50756
SO50756
SO50756
SO50756
SO50756
SO50756
SO50756
SO50756
SO50756
SO50756
SO50756
SO50756
SO50756
SO50756
SO50756
SO50756
SO50756
SO50757
SO50757
SO50757
SO50758
SO50758
SO50758
SO50758
SO50758
SO50758
SO50758
SO50758
SO50758
SO50759
SO50759
SO51081
SO51081
SO51081
SO51081
SO51081
SO51081
SO51081
SO51081
SO51081
SO51081
SO51081
SO51081
SO51081
SO51081
SO51081
SO51081
SO51081
SO51081
SO51081
SO51081
SO51081
SO51081
SO51081
SO51081
SO51081
SO51081
SO51081
SO51081
SO51081
SO51081
SO51081
SO51081
SO51081
SO51081
SO51081
SO51081
SO51081
SO51081
SO51081
SO51081
SO51081
SO51081
SO51081
SO51081
SO51081
SO51081
SO51081
SO51081
SO51081
SO51081
SO51081
SO51082
SO51083
SO51083
SO51083
SO51083
SO51083
SO51083
SO51083
SO51083
SO51083
SO51083
SO51083
SO51083
SO51083
SO51083
SO51083
SO51083
SO51083
SO51083
SO51083
SO51083
SO51083
SO51084
SO51084
SO51084
SO51084
SO51084
SO51084
SO51084
SO51084
SO51084
SO51084
SO51084
SO51084
SO51084
SO51084
SO51084
SO51084
SO51084
SO51084
SO51084
SO51084
SO51084
SO51084
SO51084
SO51084
SO51084
SO51084
SO51084
SO51085
SO51085
SO51085
SO51085
SO51085
SO51085
SO51085
SO51085
SO51085
SO51085
SO51085
SO51085
SO51085
SO51085
SO51085
SO51085
SO51085
SO51085
SO51085
SO51085
SO51085
SO51085
SO51085
SO51085
SO51085
SO51086
SO51087
SO51088
SO51088
SO51088
SO51088
SO51088
SO51088
SO51088
SO51088
SO51088
SO51088
SO51088
SO51088
SO51088
SO51088
SO51088
SO51088
SO51088
SO51088
SO51088
SO51088
SO51088
SO51088
SO51088
SO51088
SO51088
SO51088
SO51088
SO51088
SO51088
SO51088
SO51088
SO51088
SO51088
SO51088
SO51088
SO51089
SO51089
SO51089
SO51089
SO51089
SO51089
SO51089
SO51089
SO51089
SO51089
SO51089
SO51089
SO51089
SO51089
SO51089
SO51089
SO51089
SO51089
SO51089
SO51089
SO51089
SO51089
SO51089
SO51089
SO51089
SO51089
SO51089
SO51089
SO51089
SO51089
SO51089
SO51089
SO51089
SO51089
SO51089
SO51089
SO51089
SO51089
SO51089
SO51089
SO51089
SO51089
SO51090
SO51090
SO51090
SO51090
SO51090
SO51090
SO51090
SO51090
SO51090
SO51090
SO51090
SO51090
SO51090
SO51090
SO51090
SO51090
SO51090
SO51090
SO51090
SO51090
SO51090
SO51090
SO51090
SO51090
SO51090
SO51090
SO51090
SO51090
SO51090
SO51090
SO51090
SO51090
SO51090
SO51090
SO51090
SO51090
SO51090
SO51090
SO51090
SO51090
SO51090
SO51090
SO51090
SO51090
SO51090
SO51090
SO51090
SO51090
SO51090
SO51090
SO51090
SO51090
SO51090
SO51090
SO51090
SO51090
SO51090
SO51090
SO51090
SO51090
SO51090
SO51090
SO51090
SO51090
SO51090
SO51090
SO51091
SO51091
SO51091
SO51091
SO51091
SO51091
SO51091
SO51091
SO51091
SO51091
SO51091
SO51091
SO51091
SO51091
SO51091
SO51091
SO51091
SO51092
SO51092
SO51092
SO51092
SO51092
SO51092
SO51092
SO51092
SO51092
SO51092
SO51092
SO51092
SO51092
SO51092
SO51092
SO51092
SO51092
SO51092
SO51092
SO51092
SO51092
SO51092
SO51092
SO51092
SO51092
SO51092
SO51092
SO51092
SO51092
SO51092
SO51092
SO51092
SO51092
SO51092
SO51092
SO51092
SO51092
SO51092
SO51092
SO51092
SO51092
SO51092
SO51092
SO51092
SO51092
SO51092
SO51092
SO51092
SO51092
SO51093
SO51094
SO51094
SO51094
SO51094
SO51094
SO51094
SO51094
SO51095
SO51095
SO51095
SO51095
SO51095
SO51095
SO51096
SO51096
SO51096
SO51096
SO51096
SO51096
SO51096
SO51096
SO51096
SO51096
SO51096
SO51096
SO51096
SO51096
SO51096
SO51096
SO51096
SO51096
SO51096
SO51096
SO51096
SO51096
SO51096
SO51096
SO51096
SO51096
SO51096
SO51096
SO51096
SO51096
SO51096
SO51096
SO51096
SO51096
SO51096
SO51097
SO51098
SO51099
SO51099
SO51099
SO51099
SO51099
SO51099
SO51099
SO51099
SO51100
SO51100
SO51100
SO51100
SO51100
SO51100
SO51100
SO51100
SO51100
SO51100
SO51100
SO51100
SO51100
SO51100
SO51100
SO51100
SO51100
SO51100
SO51100
SO51100
SO51100
SO51100
SO51100
SO51100
SO51100
SO51100
SO51100
SO51100
SO51100
SO51100
SO51100
SO51101
SO51101
SO51101
SO51101
SO51101
SO51101
SO51101
SO51101
SO51101
SO51101
SO51101
SO51101
SO51101
SO51101
SO51101
SO51101
SO51101
SO51101
SO51101
SO51101
SO51101
SO51101
SO51101
SO51101
SO51101
SO51101
SO51101
SO51101
SO51101
SO51101
SO51101
SO51101
SO51101
SO51101
SO51101
SO51101
SO51101
SO51101
SO51101
SO51101
SO51101
SO51101
SO51101
SO51102
SO51102
SO51102
SO51102
SO51102
SO51102
SO51102
SO51102
SO51102
SO51102
SO51102
SO51102
SO51102
SO51102
SO51102
SO51102
SO51102
SO51102
SO51102
SO51102
SO51102
SO51102
SO51102
SO51102
SO51102
SO51102
SO51102
SO51102
SO51102
SO51102
SO51102
SO51102
SO51102
SO51102
SO51103
SO51103
SO51103
SO51103
SO51104
SO51104
SO51104
SO51104
SO51104
SO51104
SO51104
SO51104
SO51104
SO51104
SO51104
SO51104
SO51104
SO51104
SO51104
SO51104
SO51104
SO51104
SO51104
SO51104
SO51104
SO51104
SO51104
SO51104
SO51104
SO51104
SO51104
SO51104
SO51104
SO51104
SO51104
SO51104
SO51104
SO51104
SO51104
SO51104
SO51104
SO51104
SO51104
SO51104
SO51104
SO51104
SO51104
SO51104
SO51104
SO51104
SO51104
SO51104
SO51104
SO51104
SO51104
SO51105
SO51105
SO51105
SO51105
SO51105
SO51105
SO51105
SO51105
SO51105
SO51105
SO51105
SO51105
SO51105
SO51105
SO51105
SO51105
SO51105
SO51105
SO51105
SO51105
SO51105
SO51105
SO51105
SO51105
SO51105
SO51105
SO51105
SO51105
SO51105
SO51106
SO51106
SO51106
SO51106
SO51106
SO51106
SO51106
SO51106
SO51106
SO51106
SO51106
SO51106
SO51106
SO51106
SO51106
SO51106
SO51106
SO51106
SO51106
SO51106
SO51106
SO51106
SO51106
SO51106
SO51106
SO51106
SO51106
SO51106
SO51106
SO51106
SO51106
SO51106
SO51106
SO51106
SO51106
SO51106
SO51107
SO51107
SO51108
SO51108
SO51108
SO51108
SO51108
SO51108
SO51108
SO51108
SO51108
SO51108
SO51108
SO51108
SO51108
SO51108
SO51108
SO51108
SO51108
SO51108
SO51108
SO51108
SO51108
SO51108
SO51108
SO51108
SO51108
SO51108
SO51108
SO51108
SO51108
SO51108
SO51108
SO51108
SO51108
SO51108
SO51108
SO51108
SO51108
SO51108
SO51108
SO51108
SO51108
SO51108
SO51108
SO51108
SO51108
SO51108
SO51108
SO51108
SO51108
SO51108
SO51108
SO51108
SO51109
SO51109
SO51109
SO51109
SO51109
SO51109
SO51109
SO51109
SO51109
SO51109
SO51109
SO51109
SO51109
SO51109
SO51109
SO51109
SO51109
SO51109
SO51109
SO51109
SO51109
SO51109
SO51109
SO51109
SO51109
SO51109
SO51109
SO51109
SO51109
SO51109
SO51109
SO51109
SO51109
SO51109
SO51109
SO51109
SO51109
SO51109
SO51109
SO51109
SO51109
SO51109
SO51109
SO51109
SO51109
SO51109
SO51109
SO51109
SO51109
SO51109
SO51109
SO51110
SO51110
SO51110
SO51110
SO51110
SO51110
SO51110
SO51110
SO51110
SO51110
SO51110
SO51110
SO51110
SO51110
SO51110
SO51110
SO51110
SO51110
SO51110
SO51110
SO51111
SO51111
SO51111
SO51111
SO51111
SO51111
SO51111
SO51111
SO51111
SO51111
SO51111
SO51111
SO51111
SO51111
SO51111
SO51111
SO51111
SO51111
SO51111
SO51111
SO51111
SO51111
SO51111
SO51111
SO51111
SO51111
SO51111
SO51111
SO51111
SO51111
SO51111
SO51111
SO51111
SO51111
SO51111
SO51112
SO51112
SO51112
SO51112
SO51112
SO51112
SO51112
SO51112
SO51112
SO51112
SO51112
SO51112
SO51112
SO51112
SO51112
SO51112
SO51112
SO51112
SO51112
SO51112
SO51112
SO51112
SO51112
SO51112
SO51112
SO51112
SO51112
SO51112
SO51112
SO51112
SO51112
SO51113
SO51113
SO51113
SO51113
SO51113
SO51113
SO51113
SO51113
SO51113
SO51113
SO51113
SO51113
SO51113
SO51113
SO51113
SO51113
SO51113
SO51113
SO51113
SO51114
SO51115
SO51116
SO51116
SO51116
SO51116
SO51116
SO51116
SO51116
SO51116
SO51116
SO51116
SO51116
SO51116
SO51116
SO51116
SO51116
SO51116
SO51116
SO51116
SO51116
SO51116
SO51116
SO51116
SO51116
SO51117
SO51117
SO51117
SO51117
SO51117
SO51117
SO51117
SO51117
SO51117
SO51117
SO51117
SO51117
SO51117
SO51117
SO51117
SO51117
SO51117
SO51117
SO51117
SO51117
SO51117
SO51117
SO51117
SO51117
SO51118
SO51119
SO51119
SO51120
SO51120
SO51120
SO51120
SO51120
SO51120
SO51120
SO51120
SO51120
SO51120
SO51120
SO51120
SO51120
SO51120
SO51120
SO51120
SO51120
SO51120
SO51120
SO51120
SO51120
SO51120
SO51120
SO51120
SO51120
SO51120
SO51120
SO51120
SO51120
SO51120
SO51120
SO51120
SO51120
SO51120
SO51120
SO51120
SO51120
SO51120
SO51120
SO51120
SO51120
SO51120
SO51120
SO51120
SO51120
SO51120
SO51120
SO51120
SO51120
SO51120
SO51120
SO51120
SO51120
SO51120
SO51120
SO51120
SO51120
SO51120
SO51120
SO51120
SO51120
SO51120
SO51120
SO51120
SO51120
SO51120
SO51120
SO51121
SO51121
SO51121
SO51121
SO51121
SO51121
SO51121
SO51121
SO51121
SO51121
SO51121
SO51121
SO51121
SO51121
SO51121
SO51121
SO51121
SO51121
SO51121
SO51121
SO51121
SO51121
SO51121
SO51121
SO51121
SO51121
SO51121
SO51121
SO51121
SO51121
SO51121
SO51121
SO51121
SO51121
SO51121
SO51121
SO51121
SO51121
SO51121
SO51121
SO51121
SO51121
SO51121
SO51121
SO51121
SO51121
SO51121
SO51121
SO51121
SO51121
SO51121
SO51121
SO51121
SO51122
SO51122
SO51122
SO51122
SO51122
SO51122
SO51122
SO51122
SO51122
SO51122
SO51122
SO51122
SO51122
SO51122
SO51122
SO51122
SO51122
SO51122
SO51122
SO51122
SO51122
SO51122
SO51122
SO51122
SO51122
SO51122
SO51122
SO51122
SO51122
SO51122
SO51122
SO51122
SO51122
SO51122
SO51123
SO51123
SO51123
SO51123
SO51123
SO51123
SO51123
SO51123
SO51123
SO51123
SO51123
SO51123
SO51123
SO51123
SO51123
SO51123
SO51123
SO51123
SO51123
SO51123
SO51123
SO51123
SO51123
SO51123
SO51123
SO51123
SO51123
SO51123
SO51123
SO51123
SO51123
SO51123
SO51123
SO51123
SO51123
SO51123
SO51123
SO51123
SO51123
SO51123
SO51123
SO51123
SO51123
SO51123
SO51123
SO51123
SO51123
SO51123
SO51123
SO51123
SO51123
SO51123
SO51123
SO51124
SO51124
SO51124
SO51124
SO51124
SO51124
SO51124
SO51124
SO51124
SO51124
SO51124
SO51124
SO51124
SO51124
SO51124
SO51124
SO51124
SO51124
SO51124
SO51124
SO51124
SO51124
SO51124
SO51124
SO51124
SO51124
SO51124
SO51124
SO51124
SO51124
SO51124
SO51124
SO51124
SO51124
SO51124
SO51124
SO51124
SO51124
SO51124
SO51124
SO51124
SO51124
SO51124
SO51124
SO51124
SO51126
SO51126
SO51126
SO51126
SO51126
SO51126
SO51126
SO51126
SO51126
SO51126
SO51126
SO51126
SO51126
SO51126
SO51126
SO51126
SO51126
SO51126
SO51126
SO51126
SO51126
SO51126
SO51126
SO51126
SO51126
SO51126
SO51126
SO51126
SO51126
SO51126
SO51126
SO51126
SO51126
SO51127
SO51127
SO51127
SO51127
SO51127
SO51127
SO51127
SO51127
SO51127
SO51127
SO51127
SO51127
SO51127
SO51127
SO51127
SO51127
SO51127
SO51127
SO51127
SO51127
SO51127
SO51127
SO51127
SO51127
SO51127
SO51127
SO51127
SO51127
SO51127
SO51127
SO51127
SO51127
SO51128
SO51128
SO51128
SO51128
SO51128
SO51129
SO51129
SO51129
SO51129
SO51129
SO51129
SO51129
SO51129
SO51129
SO51130
SO51130
SO51130
SO51130
SO51130
SO51130
SO51130
SO51130
SO51130
SO51130
SO51130
SO51130
SO51130
SO51130
SO51130
SO51130
SO51130
SO51130
SO51130
SO51130
SO51130
SO51130
SO51130
SO51130
SO51130
SO51130
SO51130
SO51130
SO51130
SO51130
SO51130
SO51130
SO51130
SO51130
SO51130
SO51130
SO51130
SO51130
SO51130
SO51130
SO51131
SO51131
SO51131
SO51131
SO51131
SO51131
SO51131
SO51131
SO51131
SO51131
SO51131
SO51131
SO51131
SO51131
SO51131
SO51131
SO51131
SO51131
SO51131
SO51131
SO51131
SO51131
SO51131
SO51131
SO51131
SO51131
SO51131
SO51131
SO51131
SO51131
SO51131
SO51131
SO51131
SO51131
SO51131
SO51131
SO51131
SO51131
SO51131
SO51131
SO51131
SO51131
SO51131
SO51131
SO51131
SO51131
SO51131
SO51131
SO51131
SO51131
SO51131
SO51131
SO51131
SO51131
SO51131
SO51131
SO51131
SO51131
SO51131
SO51131
SO51132
SO51132
SO51132
SO51132
SO51132
SO51132
SO51132
SO51132
SO51132
SO51132
SO51132
SO51132
SO51132
SO51132
SO51132
SO51132
SO51132
SO51132
SO51132
SO51132
SO51132
SO51132
SO51132
SO51132
SO51132
SO51132
SO51132
SO51132
SO51132
SO51132
SO51132
SO51132
SO51132
SO51132
SO51133
SO51134
SO51134
SO51134
SO51134
SO51134
SO51134
SO51134
SO51134
SO51134
SO51134
SO51134
SO51135
SO51135
SO51135
SO51135
SO51135
SO51135
SO51136
SO51137
SO51137
SO51137
SO51137
SO51137
SO51137
SO51137
SO51137
SO51137
SO51137
SO51137
SO51137
SO51137
SO51137
SO51137
SO51137
SO51137
SO51137
SO51137
SO51137
SO51137
SO51137
SO51137
SO51137
SO51137
SO51137
SO51137
SO51137
SO51137
SO51137
SO51138
SO51138
SO51138
SO51138
SO51138
SO51138
SO51138
SO51138
SO51138
SO51138
SO51138
SO51138
SO51138
SO51138
SO51138
SO51138
SO51138
SO51138
SO51138
SO51138
SO51138
SO51139
SO51139
SO51139
SO51139
SO51139
SO51139
SO51139
SO51139
SO51139
SO51140
SO51140
SO51140
SO51140
SO51140
SO51140
SO51140
SO51140
SO51140
SO51140
SO51140
SO51140
SO51140
SO51140
SO51140
SO51140
SO51140
SO51140
SO51140
SO51140
SO51140
SO51140
SO51140
SO51140
SO51140
SO51140
SO51140
SO51140
SO51140
SO51140
SO51140
SO51140
SO51140
SO51140
SO51140
SO51140
SO51140
SO51140
SO51140
SO51140
SO51140
SO51140
SO51140
SO51140
SO51140
SO51140
SO51140
SO51140
SO51140
SO51140
SO51141
SO51141
SO51141
SO51142
SO51142
SO51142
SO51143
SO51143
SO51143
SO51143
SO51143
SO51143
SO51143
SO51143
SO51143
SO51143
SO51143
SO51143
SO51143
SO51143
SO51143
SO51143
SO51143
SO51143
SO51143
SO51143
SO51143
SO51143
SO51143
SO51143
SO51143
SO51143
SO51143
SO51143
SO51143
SO51143
SO51143
SO51143
SO51143
SO51143
SO51143
SO51143
SO51143
SO51143
SO51143
SO51143
SO51143
SO51143
SO51143
SO51143
SO51143
SO51143
SO51143
SO51143
SO51143
SO51143
SO51144
SO51144
SO51144
SO51144
SO51144
SO51144
SO51144
SO51144
SO51144
SO51144
SO51144
SO51144
SO51144
SO51144
SO51144
SO51144
SO51144
SO51144
SO51144
SO51144
SO51144
SO51145
SO51145
SO51145
SO51145
SO51145
SO51145
SO51145
SO51145
SO51145
SO51145
SO51145
SO51145
SO51145
SO51145
SO51146
SO51146
SO51146
SO51146
SO51146
SO51146
SO51146
SO51146
SO51146
SO51146
SO51146
SO51146
SO51146
SO51146
SO51146
SO51146
SO51146
SO51146
SO51146
SO51146
SO51146
SO51146
SO51146
SO51146
SO51146
SO51147
SO51147
SO51147
SO51147
SO51147
SO51147
SO51147
SO51147
SO51147
SO51147
SO51147
SO51147
SO51147
SO51147
SO51147
SO51147
SO51147
SO51147
SO51147
SO51147
SO51147
SO51147
SO51147
SO51147
SO51147
SO51147
SO51147
SO51147
SO51147
SO51147
SO51147
SO51147
SO51147
SO51147
SO51147
SO51147
SO51147
SO51147
SO51147
SO51147
SO51147
SO51147
SO51147
SO51147
SO51147
SO51147
SO51147
SO51147
SO51147
SO51147
SO51148
SO51148
SO51148
SO51148
SO51148
SO51148
SO51148
SO51148
SO51148
SO51148
SO51148
SO51148
SO51148
SO51148
SO51148
SO51148
SO51148
SO51148
SO51148
SO51148
SO51148
SO51148
SO51148
SO51148
SO51148
SO51148
SO51148
SO51148
SO51148
SO51148
SO51148
SO51148
SO51148
SO51148
SO51148
SO51148
SO51148
SO51148
SO51148
SO51148
SO51148
SO51148
SO51148
SO51148
SO51149
SO51149
SO51149
SO51149
SO51149
SO51149
SO51149
SO51149
SO51149
SO51149
SO51149
SO51150
SO51150
SO51150
SO51150
SO51150
SO51150
SO51150
SO51150
SO51150
SO51150
SO51150
SO51150
SO51150
SO51150
SO51150
SO51150
SO51150
SO51150
SO51150
SO51150
SO51150
SO51150
SO51150
SO51150
SO51150
SO51150
SO51150
SO51150
SO51150
SO51150
SO51150
SO51150
SO51150
SO51150
SO51150
SO51151
SO51151
SO51151
SO51151
SO51151
SO51151
SO51151
SO51151
SO51151
SO51151
SO51151
SO51151
SO51151
SO51151
SO51151
SO51151
SO51151
SO51151
SO51151
SO51151
SO51151
SO51151
SO51151
SO51151
SO51151
SO51151
SO51151
SO51151
SO51151
SO51151
SO51151
SO51151
SO51151
SO51151
SO51151
SO51151
SO51151
SO51151
SO51151
SO51151
SO51151
SO51151
SO51151
SO51151
SO51151
SO51151
SO51151
SO51151
SO51151
SO51151
SO51152
SO51152
SO51152
SO51152
SO51152
SO51152
SO51152
SO51152
SO51152
SO51152
SO51152
SO51152
SO51153
SO51153
SO51153
SO51153
SO51153
SO51153
SO51153
SO51153
SO51153
SO51153
SO51153
SO51153
SO51153
SO51153
SO51153
SO51153
SO51153
SO51153
SO51153
SO51153
SO51153
SO51153
SO51153
SO51153
SO51153
SO51153
SO51153
SO51153
SO51153
SO51153
SO51153
SO51153
SO51153
SO51153
SO51153
SO51154
SO51154
SO51154
SO51154
SO51154
SO51154
SO51154
SO51154
SO51154
SO51154
SO51154
SO51154
SO51154
SO51154
SO51154
SO51154
SO51154
SO51154
SO51154
SO51154
SO51154
SO51154
SO51154
SO51154
SO51154
SO51154
SO51154
SO51154
SO51154
SO51154
SO51154
SO51154
SO51154
SO51154
SO51154
SO51154
SO51154
SO51154
SO51154
SO51154
SO51154
SO51154
SO51154
SO51154
SO51154
SO51154
SO51154
SO51154
SO51154
SO51155
SO51155
SO51155
SO51155
SO51155
SO51155
SO51155
SO51155
SO51155
SO51155
SO51155
SO51155
SO51155
SO51155
SO51155
SO51155
SO51155
SO51155
SO51155
SO51155
SO51155
SO51155
SO51155
SO51155
SO51155
SO51155
SO51156
SO51156
SO51156
SO51156
SO51156
SO51156
SO51156
SO51157
SO51157
SO51157
SO51157
SO51157
SO51157
SO51157
SO51157
SO51157
SO51157
SO51157
SO51157
SO51157
SO51157
SO51157
SO51157
SO51157
SO51157
SO51157
SO51157
SO51157
SO51157
SO51157
SO51157
SO51157
SO51157
SO51157
SO51157
SO51157
SO51157
SO51157
SO51157
SO51157
SO51157
SO51157
SO51157
SO51157
SO51157
SO51157
SO51157
SO51157
SO51157
SO51157
SO51157
SO51157
SO51157
SO51157
SO51157
SO51157
SO51157
SO51157
SO51157
SO51157
SO51157
SO51157
SO51157
SO51157
SO51158
SO51158
SO51158
SO51158
SO51158
SO51158
SO51158
SO51159
SO51159
SO51159
SO51160
SO51160
SO51160
SO51160
SO51160
SO51160
SO51160
SO51160
SO51160
SO51160
SO51160
SO51160
SO51160
SO51160
SO51160
SO51160
SO51160
SO51160
SO51160
SO51160
SO51160
SO51160
SO51160
SO51160
SO51160
SO51160
SO51160
SO51160
SO51160
SO51160
SO51160
SO51160
SO51160
SO51160
SO51160
SO51160
SO51160
SO51160
SO51160
SO51160
SO51160
SO51160
SO51160
SO51160
SO51160
SO51160
SO51160
SO51160
SO51160
SO51160
SO51160
SO51160
SO51160
SO51160
SO51160
SO51160
SO51160
SO51160
SO51160
SO51160
SO51160
SO51160
SO51160
SO51160
SO51160
SO51160
SO51160
SO51160
SO51160
SO51160
SO51160
SO51161
SO51161
SO51161
SO51161
SO51161
SO51161
SO51161
SO51161
SO51161
SO51161
SO51161
SO51161
SO51161
SO51162
SO51163
SO51164
SO51164
SO51164
SO51164
SO51164
SO51164
SO51164
SO51164
SO51165
SO51165
SO51165
SO51165
SO51166
SO51167
SO51167
SO51168
SO51168
SO51168
SO51168
SO51168
SO51168
SO51168
SO51168
SO51168
SO51168
SO51168
SO51168
SO51168
SO51168
SO51168
SO51168
SO51168
SO51168
SO51168
SO51168
SO51168
SO51168
SO51168
SO51168
SO51168
SO51168
SO51168
SO51168
SO51168
SO51168
SO51168
SO51168
SO51168
SO51168
SO51169
SO51169
SO51169
SO51169
SO51169
SO51169
SO51169
SO51169
SO51169
SO51169
SO51169
SO51169
SO51169
SO51169
SO51169
SO51169
SO51169
SO51169
SO51169
SO51169
SO51169
SO51169
SO51169
SO51169
SO51169
SO51169
SO51169
SO51169
SO51169
SO51169
SO51169
SO51169
SO51169
SO51169
SO51169
SO51169
SO51169
SO51169
SO51169
SO51169
SO51169
SO51169
SO51169
SO51169
SO51169
SO51169
SO51170
SO51170
SO51170
SO51170
SO51170
SO51170
SO51170
SO51171
SO51171
SO51171
SO51171
SO51172
SO51172
SO51172
SO51172
SO51172
SO51173
SO51173
SO51173
SO51173
SO51173
SO51173
SO51174
SO51175
SO51690
SO51690
SO51690
SO51690
SO51691
SO51691
SO51691
SO51691
SO51691
SO51691
SO51691
SO51691
SO51691
SO51691
SO51691
SO51691
SO51691
SO51691
SO51691
SO51691
SO51691
SO51691
SO51691
SO51691
SO51691
SO51691
SO51691
SO51691
SO51691
SO51691
SO51691
SO51691
SO51691
SO51691
SO51691
SO51691
SO51691
SO51691
SO51691
SO51691
SO51691
SO51691
SO51692
SO51693
SO51693
SO51693
SO51693
SO51693
SO51693
SO51693
SO51693
SO51693
SO51693
SO51693
SO51693
SO51693
SO51693
SO51693
SO51693
SO51693
SO51693
SO51693
SO51693
SO51693
SO51693
SO51693
SO51693
SO51693
SO51693
SO51693
SO51693
SO51693
SO51693
SO51693
SO51694
SO51694
SO51694
SO51694
SO51694
SO51694
SO51694
SO51696
SO51696
SO51696
SO51696
SO51696
SO51696
SO51696
SO51697
SO51698
SO51698
SO51698
SO51698
SO51698
SO51698
SO51698
SO51698
SO51698
SO51698
SO51698
SO51698
SO51698
SO51698
SO51698
SO51698
SO51698
SO51698
SO51698
SO51698
SO51698
SO51698
SO51698
SO51698
SO51699
SO51699
SO51699
SO51699
SO51699
SO51699
SO51699
SO51699
SO51699
SO51699
SO51699
SO51699
SO51699
SO51699
SO51699
SO51699
SO51699
SO51699
SO51699
SO51699
SO51699
SO51699
SO51699
SO51699
SO51699
SO51699
SO51699
SO51699
SO51699
SO51700
SO51700
SO51700
SO51700
SO51700
SO51700
SO51700
SO51700
SO51700
SO51700
SO51700
SO51700
SO51700
SO51700
SO51700
SO51700
SO51700
SO51700
SO51700
SO51700
SO51700
SO51700
SO51700
SO51700
SO51701
SO51701
SO51702
SO51702
SO51702
SO51703
SO51703
SO51703
SO51703
SO51703
SO51703
SO51703
SO51703
SO51703
SO51703
SO51703
SO51703
SO51703
SO51703
SO51703
SO51703
SO51703
SO51703
SO51703
SO51703
SO51703
SO51703
SO51703
SO51703
SO51703
SO51703
SO51703
SO51703
SO51703
SO51703
SO51703
SO51703
SO51703
SO51703
SO51703
SO51703
SO51703
SO51703
SO51704
SO51704
SO51704
SO51704
SO51704
SO51704
SO51704
SO51704
SO51704
SO51704
SO51704
SO51704
SO51704
SO51704
SO51704
SO51704
SO51704
SO51704
SO51704
SO51704
SO51704
SO51704
SO51704
SO51704
SO51704
SO51704
SO51704
SO51704
SO51704
SO51704
SO51704
SO51704
SO51704
SO51704
SO51704
SO51704
SO51704
SO51704
SO51704
SO51704
SO51704
SO51704
SO51704
SO51704
SO51704
SO51704
SO51704
SO51704
SO51704
SO51705
SO51705
SO51705
SO51705
SO51705
SO51705
SO51705
SO51705
SO51705
SO51705
SO51705
SO51705
SO51705
SO51705
SO51705
SO51705
SO51705
SO51705
SO51706
SO51706
SO51706
SO51706
SO51706
SO51706
SO51706
SO51706
SO51706
SO51706
SO51706
SO51706
SO51707
SO51707
SO51707
SO51708
SO51708
SO51708
SO51708
SO51708
SO51708
SO51708
SO51708
SO51708
SO51708
SO51708
SO51708
SO51708
SO51708
SO51708
SO51708
SO51708
SO51708
SO51708
SO51708
SO51708
SO51708
SO51709
SO51709
SO51710
SO51710
SO51710
SO51710
SO51710
SO51710
SO51710
SO51710
SO51710
SO51710
SO51710
SO51710
SO51710
SO51711
SO51711
SO51711
SO51711
SO51711
SO51711
SO51711
SO51711
SO51711
SO51711
SO51711
SO51711
SO51711
SO51711
SO51711
SO51711
SO51711
SO51711
SO51711
SO51711
SO51711
SO51711
SO51711
SO51711
SO51711
SO51711
SO51711
SO51711
SO51711
SO51711
SO51711
SO51711
SO51711
SO51711
SO51711
SO51711
SO51711
SO51711
SO51711
SO51711
SO51711
SO51711
SO51711
SO51711
SO51711
SO51711
SO51711
SO51711
SO51711
SO51711
SO51711
SO51711
SO51711
SO51711
SO51711
SO51712
SO51712
SO51712
SO51712
SO51712
SO51712
SO51712
SO51712
SO51712
SO51712
SO51712
SO51712
SO51712
SO51712
SO51712
SO51712
SO51712
SO51712
SO51712
SO51712
SO51712
SO51712
SO51712
SO51712
SO51712
SO51712
SO51712
SO51712
SO51712
SO51712
SO51712
SO51712
SO51712
SO51712
SO51712
SO51712
SO51712
SO51712
SO51712
SO51712
SO51712
SO51712
SO51712
SO51712
SO51712
SO51712
SO51712
SO51712
SO51712
SO51713
SO51714
SO51714
SO51714
SO51714
SO51714
SO51714
SO51714
SO51714
SO51714
SO51714
SO51714
SO51714
SO51714
SO51714
SO51714
SO51714
SO51714
SO51714
SO51714
SO51714
SO51714
SO51714
SO51714
SO51714
SO51714
SO51714
SO51714
SO51714
SO51714
SO51714
SO51714
SO51714
SO51714
SO51714
SO51714
SO51714
SO51714
SO51714
SO51714
SO51714
SO51714
SO51714
SO51714
SO51714
SO51714
SO51714
SO51714
SO51714
SO51714
SO51714
SO51714
SO51714
SO51715
SO51715
SO51715
SO51715
SO51715
SO51715
SO51715
SO51715
SO51715
SO51715
SO51715
SO51715
SO51715
SO51715
SO51715
SO51715
SO51715
SO51715
SO51715
SO51715
SO51715
SO51715
SO51715
SO51715
SO51715
SO51715
SO51715
SO51715
SO51715
SO51715
SO51715
SO51716
SO51716
SO51716
SO51716
SO51716
SO51716
SO51716
SO51716
SO51716
SO51716
SO51716
SO51716
SO51716
SO51716
SO51716
SO51716
SO51716
SO51716
SO51716
SO51716
SO51717
SO51717
SO51717
SO51717
SO51717
SO51717
SO51717
SO51717
SO51717
SO51717
SO51717
SO51717
SO51718
SO51718
SO51718
SO51718
SO51718
SO51718
SO51718
SO51718
SO51718
SO51718
SO51718
SO51718
SO51718
SO51718
SO51718
SO51718
SO51718
SO51718
SO51718
SO51718
SO51718
SO51718
SO51719
SO51719
SO51719
SO51719
SO51719
SO51719
SO51719
SO51719
SO51719
SO51719
SO51719
SO51719
SO51720
SO51720
SO51720
SO51720
SO51720
SO51720
SO51720
SO51720
SO51720
SO51720
SO51720
SO51720
SO51720
SO51720
SO51720
SO51720
SO51720
SO51720
SO51720
SO51720
SO51720
SO51720
SO51720
SO51720
SO51720
SO51720
SO51720
SO51720
SO51720
SO51720
SO51720
SO51720
SO51720
SO51720
SO51720
SO51720
SO51720
SO51720
SO51720
SO51720
SO51720
SO51720
SO51720
SO51720
SO51720
SO51720
SO51720
SO51720
SO51720
SO51720
SO51721
SO51721
SO51721
SO51721
SO51721
SO51721
SO51721
SO51721
SO51721
SO51721
SO51721
SO51721
SO51721
SO51721
SO51721
SO51721
SO51721
SO51721
SO51721
SO51721
SO51721
SO51721
SO51721
SO51721
SO51721
SO51721
SO51721
SO51721
SO51721
SO51721
SO51721
SO51721
SO51721
SO51721
SO51721
SO51721
SO51721
SO51721
SO51721
SO51721
SO51721
SO51721
SO51721
SO51721
SO51721
SO51721
SO51721
SO51721
SO51721
SO51721
SO51721
SO51721
SO51721
SO51721
SO51721
SO51721
SO51721
SO51721
SO51721
SO51721
SO51721
SO51721
SO51721
SO51721
SO51721
SO51721
SO51721
SO51721
SO51721
SO51721
SO51721
SO51721
SO51722
SO51722
SO51722
SO51722
SO51722
SO51722
SO51722
SO51722
SO51722
SO51722
SO51722
SO51722
SO51722
SO51722
SO51722
SO51722
SO51722
SO51722
SO51722
SO51722
SO51722
SO51722
SO51722
SO51722
SO51722
SO51722
SO51722
SO51722
SO51722
SO51722
SO51722
SO51723
SO51723
SO51723
SO51723
SO51723
SO51723
SO51723
SO51724
SO51724
SO51724
SO51724
SO51724
SO51724
SO51724
SO51724
SO51724
SO51724
SO51724
SO51724
SO51724
SO51724
SO51724
SO51724
SO51725
SO51726
SO51726
SO51726
SO51726
SO51726
SO51726
SO51726
SO51726
SO51726
SO51726
SO51726
SO51726
SO51726
SO51726
SO51726
SO51726
SO51726
SO51726
SO51726
SO51726
SO51726
SO51726
SO51726
SO51726
SO51726
SO51726
SO51727
SO51728
SO51728
SO51728
SO51728
SO51728
SO51728
SO51728
SO51728
SO51728
SO51728
SO51728
SO51728
SO51728
SO51728
SO51728
SO51728
SO51728
SO51728
SO51728
SO51728
SO51729
SO51729
SO51729
SO51729
SO51729
SO51729
SO51729
SO51729
SO51729
SO51729
SO51729
SO51729
SO51729
SO51729
SO51729
SO51729
SO51729
SO51729
SO51729
SO51729
SO51729
SO51729
SO51729
SO51729
SO51729
SO51729
SO51730
SO51730
SO51730
SO51730
SO51730
SO51731
SO51731
SO51731
SO51731
SO51731
SO51731
SO51731
SO51731
SO51731
SO51731
SO51731
SO51731
SO51731
SO51731
SO51731
SO51731
SO51731
SO51731
SO51731
SO51731
SO51731
SO51732
SO51733
SO51733
SO51733
SO51733
SO51733
SO51733
SO51733
SO51733
SO51733
SO51733
SO51733
SO51733
SO51733
SO51733
SO51733
SO51733
SO51733
SO51733
SO51733
SO51733
SO51733
SO51733
SO51733
SO51733
SO51733
SO51733
SO51733
SO51733
SO51733
SO51733
SO51734
SO51734
SO51734
SO51734
SO51734
SO51734
SO51734
SO51734
SO51734
SO51734
SO51734
SO51734
SO51734
SO51734
SO51734
SO51734
SO51734
SO51734
SO51734
SO51734
SO51734
SO51734
SO51734
SO51734
SO51734
SO51734
SO51734
SO51734
SO51734
SO51734
SO51734
SO51734
SO51734
SO51734
SO51734
SO51734
SO51734
SO51734
SO51734
SO51734
SO51734
SO51734
SO51734
SO51734
SO51734
SO51734
SO51734
SO51734
SO51734
SO51734
SO51734
SO51734
SO51734
SO51734
SO51735
SO51735
SO51735
SO51735
SO51735
SO51735
SO51735
SO51735
SO51735
SO51735
SO51735
SO51735
SO51735
SO51735
SO51735
SO51735
SO51735
SO51735
SO51735
SO51735
SO51735
SO51735
SO51735
SO51735
SO51735
SO51735
SO51735
SO51735
SO51735
SO51735
SO51735
SO51735
SO51735
SO51735
SO51736
SO51736
SO51736
SO51736
SO51736
SO51736
SO51736
SO51736
SO51737
SO51737
SO51737
SO51737
SO51737
SO51737
SO51737
SO51738
SO51739
SO51739
SO51739
SO51739
SO51739
SO51739
SO51739
SO51739
SO51739
SO51739
SO51739
SO51739
SO51739
SO51739
SO51739
SO51739
SO51739
SO51739
SO51739
SO51739
SO51739
SO51739
SO51739
SO51739
SO51739
SO51739
SO51739
SO51739
SO51739
SO51739
SO51739
SO51739
SO51739
SO51739
SO51739
SO51739
SO51739
SO51739
SO51739
SO51739
SO51739
SO51739
SO51739
SO51739
SO51739
SO51739
SO51739
SO51739
SO51739
SO51739
SO51739
SO51739
SO51739
SO51739
SO51739
SO51739
SO51739
SO51739
SO51739
SO51739
SO51739
SO51739
SO51739
SO51739
SO51739
SO51739
SO51739
SO51739
SO51739
SO51739
SO51739
SO51739
SO51740
SO51740
SO51740
SO51740
SO51740
SO51740
SO51740
SO51740
SO51740
SO51740
SO51740
SO51740
SO51740
SO51740
SO51740
SO51740
SO51740
SO51740
SO51740
SO51740
SO51740
SO51740
SO51740
SO51741
SO51741
SO51741
SO51741
SO51741
SO51741
SO51741
SO51742
SO51742
SO51742
SO51742
SO51742
SO51742
SO51742
SO51742
SO51742
SO51742
SO51742
SO51742
SO51742
SO51742
SO51742
SO51742
SO51742
SO51742
SO51742
SO51742
SO51742
SO51743
SO51743
SO51743
SO51743
SO51744
SO51745
SO51745
SO51745
SO51745
SO51745
SO51745
SO51745
SO51745
SO51745
SO51745
SO51745
SO51745
SO51745
SO51745
SO51745
SO51745
SO51745
SO51745
SO51745
SO51745
SO51745
SO51745
SO51745
SO51745
SO51745
SO51745
SO51745
SO51745
SO51745
SO51745
SO51746
SO51746
SO51746
SO51746
SO51746
SO51746
SO51746
SO51746
SO51747
SO51747
SO51747
SO51747
SO51748
SO51748
SO51748
SO51748
SO51748
SO51748
SO51748
SO51748
SO51748
SO51748
SO51748
SO51748
SO51748
SO51748
SO51748
SO51748
SO51748
SO51748
SO51748
SO51748
SO51748
SO51748
SO51748
SO51748
SO51748
SO51748
SO51748
SO51748
SO51748
SO51748
SO51748
SO51748
SO51748
SO51748
SO51748
SO51748
SO51748
SO51748
SO51748
SO51748
SO51748
SO51748
SO51748
SO51748
SO51748
SO51748
SO51748
SO51748
SO51748
SO51748
SO51748
SO51748
SO51748
SO51748
SO51748
SO51748
SO51748
SO51748
SO51748
SO51748
SO51748
SO51748
SO51748
SO51748
SO51749
SO51749
SO51749
SO51749
SO51750
SO51750
SO51750
SO51750
SO51750
SO51751
SO51751
SO51751
SO51751
SO51751
SO51751
SO51751
SO51751
SO51751
SO51751
SO51751
SO51751
SO51751
SO51751
SO51751
SO51751
SO51751
SO51751
SO51751
SO51751
SO51751
SO51751
SO51751
SO51751
SO51751
SO51751
SO51751
SO51751
SO51751
SO51751
SO51751
SO51751
SO51751
SO51751
SO51751
SO51751
SO51751
SO51751
SO51751
SO51751
SO51751
SO51751
SO51751
SO51751
SO51751
SO51751
SO51751
SO51751
SO51751
SO51751
SO51751
SO51751
SO51751
SO51751
SO51751
SO51751
SO51751
SO51751
SO51751
SO51751
SO51751
SO51751
SO51751
SO51751
SO51751
SO51752
SO51752
SO51752
SO51752
SO51752
SO51752
SO51752
SO51752
SO51752
SO51752
SO51752
SO51752
SO51752
SO51752
SO51752
SO51752
SO51752
SO51752
SO51752
SO51752
SO51752
SO51752
SO51752
SO51752
SO51752
SO51752
SO51752
SO51752
SO51752
SO51752
SO51752
SO51752
SO51752
SO51752
SO51752
SO51752
SO51752
SO51752
SO51752
SO51752
SO51752
SO51752
SO51752
SO51752
SO51753
SO51753
SO51753
SO51753
SO51753
SO51753
SO51753
SO51753
SO51753
SO51753
SO51753
SO51753
SO51753
SO51753
SO51753
SO51753
SO51753
SO51753
SO51753
SO51753
SO51754
SO51755
SO51755
SO51755
SO51755
SO51755
SO51755
SO51755
SO51755
SO51755
SO51755
SO51755
SO51755
SO51755
SO51755
SO51755
SO51755
SO51755
SO51755
SO51756
SO51757
SO51757
SO51757
SO51757
SO51757
SO51758
SO51758
SO51758
SO51758
SO51759
SO51760
SO51760
SO51760
SO51760
SO51760
SO51760
SO51760
SO51760
SO51760
SO51760
SO51760
SO51760
SO51760
SO51760
SO51760
SO51760
SO51760
SO51760
SO51760
SO51760
SO51760
SO51760
SO51760
SO51760
SO51761
SO51761
SO51761
SO51761
SO51761
SO51761
SO51761
SO51761
SO51761
SO51761
SO51761
SO51761
SO51761
SO51761
SO51761
SO51761
SO51761
SO51761
SO51761
SO51761
SO51761
SO51761
SO51761
SO51761
SO51761
SO51761
SO51761
SO51761
SO51761
SO51761
SO51761
SO51761
SO51761
SO51761
SO51761
SO51761
SO51761
SO51761
SO51761
SO51761
SO51761
SO51761
SO51761
SO51761
SO51761
SO51761
SO51761
SO51761
SO51761
SO51761
SO51761
SO51761
SO51761
SO51761
SO51761
SO51761
SO51761
SO51761
SO51762
SO51762
SO51762
SO51762
SO51762
SO51762
SO51762
SO51762
SO51762
SO51762
SO51762
SO51762
SO51762
SO51762
SO51762
SO51762
SO51762
SO51762
SO51762
SO51762
SO51762
SO51762
SO51762
SO51762
SO51762
SO51762
SO51762
SO51762
SO51762
SO51762
SO51763
SO51763
SO51763
SO51763
SO51763
SO51763
SO51763
SO51763
SO51763
SO51763
SO51763
SO51763
SO51763
SO51763
SO51763
SO51763
SO51763
SO51763
SO51763
SO51763
SO51763
SO51763
SO51763
SO51763
SO51763
SO51763
SO51763
SO51763
SO51763
SO51763
SO51763
SO51763
SO51763
SO51763
SO51763
SO51763
SO51763
SO51763
SO51763
SO51763
SO51763
SO51763
SO51763
SO51763
SO51763
SO51763
SO51763
SO51763
SO51763
SO51763
SO51763
SO51763
SO51764
SO51764
SO51764
SO51764
SO51764
SO51764
SO51764
SO51764
SO51764
SO51764
SO51764
SO51764
SO51764
SO51764
SO51764
SO51764
SO51765
SO51766
SO51766
SO51766
SO51766
SO51766
SO51766
SO51766
SO51766
SO51766
SO51766
SO51766
SO51767
SO51767
SO51768
SO51769
SO51769
SO51769
SO51769
SO51769
SO51769
SO51769
SO51769
SO51769
SO51769
SO51769
SO51769
SO51769
SO51769
SO51769
SO51769
SO51769
SO51769
SO51769
SO51769
SO51769
SO51769
SO51769
SO51769
SO51769
SO51769
SO51769
SO51769
SO51769
SO51769
SO51769
SO51769
SO51769
SO51770
SO51770
SO51770
SO51770
SO51770
SO51770
SO51770
SO51770
SO51770
SO51770
SO51770
SO51770
SO51770
SO51771
SO51771
SO51771
SO51771
SO51771
SO51771
SO51771
SO51771
SO51771
SO51771
SO51771
SO51771
SO51771
SO51771
SO51771
SO51771
SO51771
SO51771
SO51771
SO51771
SO51771
SO51771
SO51771
SO51771
SO51771
SO51771
SO51771
SO51771
SO51771
SO51771
SO51771
SO51771
SO51771
SO51771
SO51771
SO51771
SO51771
SO51771
SO51771
SO51771
SO51771
SO51771
SO51771
SO51771
SO51772
SO51772
SO51772
SO51772
SO51772
SO51772
SO51772
SO51772
SO51772
SO51772
SO51772
SO51772
SO51772
SO51772
SO51772
SO51772
SO51772
SO51772
SO51772
SO51772
SO51772
SO51772
SO51772
SO51772
SO51772
SO51772
SO51772
SO51772
SO51772
SO51772
SO51772
SO51772
SO51772
SO51773
SO51773
SO51773
SO51773
SO51773
SO51773
SO51773
SO51773
SO51773
SO51773
SO51773
SO51773
SO51773
SO51773
SO51773
SO51773
SO51773
SO51773
SO51773
SO51773
SO51773
SO51773
SO51773
SO51773
SO51773
SO51773
SO51773
SO51773
SO51773
SO51773
SO51773
SO51773
SO51773
SO51773
SO51773
SO51773
SO51773
SO51773
SO51773
SO51773
SO51773
SO51773
SO51773
SO51773
SO51773
SO51773
SO51773
SO51773
SO51774
SO51774
SO51774
SO51774
SO51774
SO51774
SO51774
SO51774
SO51774
SO51774
SO51774
SO51774
SO51774
SO51774
SO51774
SO51774
SO51774
SO51774
SO51774
SO51774
SO51774
SO51774
SO51774
SO51774
SO51774
SO51774
SO51774
SO51774
SO51774
SO51774
SO51774
SO51774
SO51774
SO51774
SO51774
SO51774
SO51774
SO51774
SO51774
SO51774
SO51774
SO51774
SO51774
SO51774
SO51774
SO51774
SO51774
SO51774
SO51774
SO51774
SO51774
SO51774
SO51774
SO51774
SO51774
SO51774
SO51774
SO51774
SO51774
SO51774
SO51774
SO51774
SO51775
SO51775
SO51775
SO51775
SO51775
SO51775
SO51775
SO51775
SO51775
SO51775
SO51775
SO51775
SO51775
SO51775
SO51775
SO51775
SO51775
SO51775
SO51775
SO51775
SO51775
SO51775
SO51775
SO51775
SO51775
SO51775
SO51775
SO51775
SO51775
SO51775
SO51775
SO51775
SO51775
SO51775
SO51775
SO51775
SO51775
SO51775
SO51775
SO51775
SO51775
SO51775
SO51775
SO51775
SO51775
SO51775
SO51775
SO51775
SO51776
SO51776
SO51776
SO51776
SO51776
SO51776
SO51776
SO51776
SO51776
SO51776
SO51776
SO51776
SO51776
SO51776
SO51776
SO51776
SO51776
SO51776
SO51776
SO51776
SO51776
SO51776
SO51776
SO51776
SO51776
SO51776
SO51776
SO51776
SO51776
SO51776
SO51776
SO51776
SO51776
SO51777
SO51777
SO51777
SO51777
SO51777
SO51777
SO51777
SO51777
SO51777
SO51777
SO51777
SO51778
SO51778
SO51778
SO51778
SO51778
SO51778
SO51778
SO51778
SO51778
SO51778
SO51778
SO51778
SO51778
SO51778
SO51778
SO51778
SO51778
SO51778
SO51778
SO51779
SO51780
SO51780
SO51780
SO51780
SO51780
SO51780
SO51780
SO51780
SO51780
SO51780
SO51780
SO51780
SO51780
SO51780
SO51780
SO51780
SO51780
SO51780
SO51780
SO51780
SO51780
SO51780
SO51780
SO51781
SO51781
SO51781
SO51781
SO51781
SO51781
SO51781
SO51781
SO51781
SO51781
SO51781
SO51781
SO51781
SO51781
SO51781
SO51781
SO51781
SO51781
SO51781
SO51781
SO51781
SO51781
SO51781
SO51782
SO51783
SO51783
SO51783
SO51783
SO51783
SO51783
SO51783
SO51783
SO51783
SO51783
SO51783
SO51783
SO51783
SO51783
SO51783
SO51783
SO51783
SO51783
SO51783
SO51783
SO51783
SO51783
SO51783
SO51783
SO51783
SO51783
SO51783
SO51783
SO51783
SO51783
SO51783
SO51783
SO51783
SO51783
SO51783
SO51783
SO51783
SO51783
SO51783
SO51783
SO51783
SO51783
SO51783
SO51784
SO51784
SO51784
SO51784
SO51784
SO51784
SO51785
SO51785
SO51785
SO51785
SO51786
SO51786
SO51786
SO51786
SO51786
SO51786
SO51786
SO51786
SO51786
SO51786
SO51786
SO51786
SO51786
SO51786
SO51786
SO51786
SO51786
SO51786
SO51786
SO51786
SO51786
SO51786
SO51786
SO51786
SO51786
SO51786
SO51786
SO51786
SO51787
SO51788
SO51789
SO51789
SO51789
SO51789
SO51789
SO51789
SO51789
SO51789
SO51789
SO51789
SO51789
SO51789
SO51789
SO51789
SO51789
SO51789
SO51789
SO51789
SO51789
SO51789
SO51789
SO51789
SO51789
SO51789
SO51789
SO51789
SO51789
SO51789
SO51789
SO51789
SO51789
SO51789
SO51789
SO51789
SO51789
SO51789
SO51789
SO51789
SO51789
SO51789
SO51789
SO51789
SO51789
SO51789
SO51789
SO51789
SO51790
SO51790
SO51790
SO51790
SO51790
SO51790
SO51790
SO51790
SO51790
SO51790
SO51790
SO51790
SO51790
SO51790
SO51790
SO51790
SO51790
SO51790
SO51791
SO51791
SO51791
SO51791
SO51791
SO51791
SO51791
SO51791
SO51791
SO51791
SO51791
SO51791
SO51791
SO51791
SO51791
SO51791
SO51791
SO51791
SO51791
SO51791
SO51791
SO51791
SO51791
SO51791
SO51791
SO51791
SO51791
SO51791
SO51791
SO51791
SO51791
SO51791
SO51791
SO51791
SO51791
SO51791
SO51791
SO51791
SO51791
SO51791
SO51791
SO51792
SO51793
SO51793
SO51793
SO51793
SO51793
SO51793
SO51793
SO51793
SO51793
SO51793
SO51793
SO51793
SO51793
SO51793
SO51793
SO51793
SO51793
SO51793
SO51793
SO51793
SO51793
SO51793
SO51793
SO51793
SO51793
SO51793
SO51793
SO51793
SO51793
SO51793
SO51793
SO51793
SO51793
SO51793
SO51793
SO51793
SO51793
SO51793
SO51793
SO51793
SO51793
SO51793
SO51793
SO51793
SO51793
SO51793
SO51793
SO51793
SO51794
SO51794
SO51794
SO51794
SO51795
SO51795
SO51795
SO51795
SO51795
SO51795
SO51795
SO51795
SO51795
SO51795
SO51795
SO51795
SO51795
SO51795
SO51795
SO51795
SO51795
SO51795
SO51795
SO51795
SO51795
SO51795
SO51795
SO51795
SO51795
SO51795
SO51796
SO51796
SO51797
SO51798
SO51799
SO51799
SO51799
SO51800
SO51800
SO51800
SO51800
SO51800
SO51800
SO51800
SO51800
SO51800
SO51801
SO51802
SO51802
SO51802
SO51803
SO51803
SO51804
SO51804
SO51804
SO51805
SO51806
SO51806
SO51806
SO51806
SO51806
SO51806
SO51806
SO51806
SO51806
SO51806
SO51806
SO51806
SO51806
SO51806
SO51806
SO51806
SO51806
SO51806
SO51806
SO51806
SO51806
SO51806
SO51806
SO51806
SO51806
SO51806
SO51807
SO51807
SO51807
SO51807
SO51807
SO51808
SO51808
SO51808
SO51808
SO51809
SO51809
SO51809
SO51809
SO51809
SO51809
SO51809
SO51809
SO51809
SO51809
SO51809
SO51809
SO51809
SO51809
SO51809
SO51809
SO51809
SO51809
SO51809
SO51809
SO51809
SO51809
SO51809
SO51809
SO51809
SO51809
SO51809
SO51809
SO51809
SO51809
SO51809
SO51809
SO51809
SO51809
SO51809
SO51809
SO51809
SO51809
SO51809
SO51809
SO51809
SO51809
SO51809
SO51809
SO51809
SO51809
SO51809
SO51809
SO51809
SO51809
SO51809
SO51809
SO51810
SO51810
SO51810
SO51810
SO51810
SO51810
SO51810
SO51810
SO51810
SO51810
SO51810
SO51810
SO51810
SO51810
SO51810
SO51810
SO51810
SO51810
SO51810
SO51810
SO51810
SO51810
SO51810
SO51810
SO51810
SO51810
SO51810
SO51810
SO51810
SO51810
SO51810
SO51810
SO51810
SO51810
SO51810
SO51810
SO51810
SO51811
SO51812
SO51812
SO51812
SO51812
SO51812
SO51812
SO51812
SO51812
SO51812
SO51812
SO51812
SO51812
SO51812
SO51812
SO51812
SO51812
SO51812
SO51812
SO51812
SO51812
SO51813
SO51813
SO51813
SO51814
SO51814
SO51814
SO51814
SO51814
SO51814
SO51814
SO51814
SO51814
SO51814
SO51814
SO51814
SO51814
SO51814
SO51814
SO51814
SO51814
SO51814
SO51815
SO51815
SO51815
SO51815
SO51815
SO51815
SO51815
SO51815
SO51815
SO51815
SO51815
SO51815
SO51815
SO51815
SO51815
SO51815
SO51815
SO51815
SO51815
SO51816
SO51816
SO51816
SO51816
SO51816
SO51816
SO51817
SO51817
SO51818
SO51818
SO51818
SO51818
SO51818
SO51818
SO51818
SO51818
SO51818
SO51818
SO51818
SO51818
SO51818
SO51818
SO51818
SO51818
SO51818
SO51818
SO51818
SO51818
SO51818
SO51818
SO51818
SO51818
SO51818
SO51818
SO51818
SO51818
SO51818
SO51818
SO51818
SO51819
SO51819
SO51819
SO51819
SO51819
SO51819
SO51819
SO51819
SO51819
SO51820
SO51820
SO51820
SO51820
SO51820
SO51820
SO51820
SO51820
SO51820
SO51820
SO51820
SO51821
SO51821
SO51821
SO51821
SO51821
SO51821
SO51821
SO51821
SO51821
SO51821
SO51821
SO51821
SO51821
SO51821
SO51821
SO51821
SO51821
SO51821
SO51821
SO51822
SO51822
SO51822
SO51822
SO51822
SO51822
SO51822
SO51822
SO51822
SO51822
SO51822
SO51822
SO51822
SO51822
SO51822
SO51822
SO51822
SO51822
SO51822
SO51822
SO51822
SO51822
SO51822
SO51822
SO51822
SO51822
SO51822
SO51822
SO51822
SO51822
SO51822
SO51822
SO51822
SO51822
SO51822
SO51822
SO51822
SO51822
SO51822
SO51822
SO51822
SO51822
SO51822
SO51822
SO51822
SO51822
SO51822
SO51822
SO51822
SO51822
SO51822
SO51822
SO51822
SO51822
SO51822
SO51822
SO51822
SO51822
SO51822
SO51822
SO51822
SO51822
SO51823
SO51823
SO51823
SO51823
SO51823
SO51823
SO51823
SO51823
SO51823
SO51823
SO51823
SO51823
SO51823
SO51823
SO51823
SO51823
SO51823
SO51823
SO51823
SO51823
SO51823
SO51823
SO51823
SO51823
SO51823
SO51823
SO51823
SO51823
SO51823
SO51823
SO51823
SO51823
SO51823
SO51823
SO51823
SO51823
SO51823
SO51823
SO51824
SO51824
SO51824
SO51824
SO51824
SO51824
SO51824
SO51824
SO51824
SO51824
SO51824
SO51824
SO51824
SO51824
SO51824
SO51824
SO51824
SO51824
SO51824
SO51824
SO51824
SO51824
SO51824
SO51824
SO51824
SO51824
SO51824
SO51824
SO51824
SO51824
SO51824
SO51824
SO51824
SO51824
SO51824
SO51824
SO51824
SO51824
SO51824
SO51824
SO51824
SO51824
SO51824
SO51824
SO51825
SO51825
SO51825
SO51825
SO51825
SO51825
SO51825
SO51825
SO51825
SO51825
SO51825
SO51825
SO51825
SO51825
SO51825
SO51825
SO51825
SO51825
SO51825
SO51825
SO51825
SO51825
SO51825
SO51825
SO51825
SO51825
SO51825
SO51825
SO51825
SO51825
SO51825
SO51825
SO51825
SO51825
SO51825
SO51825
SO51825
SO51825
SO51825
SO51825
SO51825
SO51825
SO51825
SO51825
SO51825
SO51825
SO51826
SO51826
SO51826
SO51826
SO51826
SO51826
SO51826
SO51826
SO51826
SO51826
SO51826
SO51826
SO51826
SO51826
SO51826
SO51826
SO51826
SO51826
SO51826
SO51826
SO51826
SO51826
SO51826
SO51826
SO51826
SO51826
SO51826
SO51826
SO51827
SO51827
SO51827
SO51827
SO51827
SO51827
SO51827
SO51827
SO51827
SO51827
SO51827
SO51827
SO51827
SO51827
SO51827
SO51827
SO51827
SO51827
SO51827
SO51827
SO51827
SO51827
SO51827
SO51827
SO51827
SO51827
SO51827
SO51827
SO51827
SO51827
SO51828
SO51828
SO51828
SO51828
SO51828
SO51828
SO51828
SO51828
SO51828
SO51828
SO51828
SO51828
SO51828
SO51828
SO51828
SO51828
SO51828
SO51828
SO51828
SO51828
SO51828
SO51828
SO51828
SO51828
SO51828
SO51828
SO51828
SO51828
SO51828
SO51828
SO51828
SO51828
SO51828
SO51828
SO51828
SO51828
SO51828
SO51828
SO51828
SO51828
SO51828
SO51828
SO51828
SO51828
SO51828
SO51828
SO51829
SO51829
SO51829
SO51829
SO51829
SO51829
SO51829
SO51830
SO51830
SO51830
SO51830
SO51830
SO51830
SO51830
SO51830
SO51830
SO51830
SO51830
SO51830
SO51830
SO51830
SO51830
SO51830
SO51830
SO51830
SO51830
SO51830
SO51830
SO51830
SO51830
SO51830
SO51830
SO51830
SO51830
SO51830
SO51830
SO51830
SO51830
SO51830
SO51830
SO51830
SO51830
SO51830
SO51830
SO51830
SO51830
SO51830
SO51830
SO51830
SO51830
SO51830
SO51830
SO51830
SO51830
SO51830
SO51830
SO51830
SO51831
SO51831
SO51831
SO51831
SO51831
SO51831
SO51831
SO51831
SO51831
SO51831
SO51831
SO51831
SO51831
SO51831
SO51832
SO51832
SO51832
SO51832
SO51832
SO51832
SO51832
SO51832
SO51832
SO51832
SO51832
SO51832
SO51832
SO51832
SO51832
SO51832
SO51832
SO51832
SO51832
SO51832
SO51832
SO51832
SO51832
SO51832
SO51832
SO51832
SO51832
SO51832
SO51832
SO51832
SO51832
SO51832
SO51832
SO51832
SO51832
SO51832
SO51832
SO51832
SO51832
SO51832
SO51832
SO51832
SO51832
SO51832
SO51832
SO51832
SO51832
SO51832
SO51832
SO51833
SO51833
SO51833
SO51833
SO51833
SO51833
SO51833
SO51833
SO51833
SO51833
SO51833
SO51833
SO51833
SO51833
SO51833
SO51833
SO51833
SO51833
SO51833
SO51833
SO51833
SO51833
SO51833
SO51833
SO51834
SO51834
SO51834
SO51834
SO51834
SO51834
SO51834
SO51834
SO51834
SO51834
SO51834
SO51834
SO51834
SO51834
SO51834
SO51834
SO51834
SO51834
SO51834
SO51834
SO51835
SO51835
SO51835
SO51835
SO51835
SO51835
SO51835
SO51835
SO51835
SO51835
SO51835
SO51835
SO51835
SO51835
SO51835
SO51835
SO51835
SO51835
SO51835
SO51836
SO51836
SO51836
SO51836
SO51836
SO51836
SO51836
SO51836
SO51836
SO51836
SO51836
SO51836
SO51836
SO51836
SO51836
SO51836
SO51836
SO51836
SO51836
SO51836
SO51836
SO51836
SO51836
SO51836
SO51836
SO51836
SO51836
SO51836
SO51836
SO51836
SO51837
SO51837
SO51837
SO51837
SO51837
SO51837
SO51837
SO51837
SO51837
SO51837
SO51837
SO51837
SO51837
SO51837
SO51837
SO51837
SO51837
SO51837
SO51837
SO51837
SO51837
SO51837
SO51837
SO51837
SO51837
SO51837
SO51837
SO51837
SO51837
SO51837
SO51837
SO51837
SO51837
SO51837
SO51837
SO51837
SO51837
SO51837
SO51837
SO51837
SO51837
SO51837
SO51837
SO51837
SO51837
SO51837
SO51838
SO51838
SO51838
SO51838
SO51838
SO51838
SO51838
SO51838
SO51838
SO51838
SO51838
SO51838
SO51838
SO51838
SO51838
SO51838
SO51838
SO51838
SO51838
SO51838
SO51838
SO51838
SO51838
SO51838
SO51838
SO51838
SO51838
SO51838
SO51838
SO51839
SO51839
SO51839
SO51839
SO51839
SO51839
SO51839
SO51839
SO51839
SO51839
SO51839
SO51839
SO51839
SO51839
SO51839
SO51839
SO51839
SO51839
SO51839
SO51839
SO51839
SO51839
SO51839
SO51839
SO51839
SO51839
SO51839
SO51839
SO51839
SO51839
SO51839
SO51839
SO51839
SO51839
SO51839
SO51839
SO51839
SO51839
SO51839
SO51839
SO51839
SO51839
SO51839
SO51839
SO51839
SO51839
SO51839
SO51839
SO51839
SO51840
SO51841
SO51841
SO51842
SO51842
SO51842
SO51842
SO51842
SO51842
SO51842
SO51842
SO51842
SO51842
SO51842
SO51842
SO51842
SO51842
SO51842
SO51842
SO51842
SO51842
SO51842
SO51842
SO51842
SO51842
SO51842
SO51842
SO51842
SO51842
SO51842
SO51842
SO51842
SO51842
SO51842
SO51842
SO51842
SO51842
SO51842
SO51843
SO51843
SO51843
SO51843
SO51843
SO51843
SO51843
SO51843
SO51843
SO51843
SO51843
SO51843
SO51843
SO51843
SO51843
SO51843
SO51843
SO51843
SO51843
SO51843
SO51843
SO51843
SO51844
SO51844
SO51844
SO51844
SO51844
SO51844
SO51844
SO51844
SO51844
SO51844
SO51844
SO51844
SO51844
SO51844
SO51844
SO51844
SO51844
SO51844
SO51844
SO51844
SO51844
SO51845
SO51845
SO51845
SO51845
SO51845
SO51845
SO51845
SO51845
SO51845
SO51845
SO51845
SO51845
SO51845
SO51845
SO51845
SO51845
SO51845
SO51845
SO51845
SO51845
SO51845
SO51845
SO51845
SO51845
SO51845
SO51845
SO51845
SO51845
SO51845
SO51845
SO51845
SO51845
SO51845
SO51845
SO51845
SO51845
SO51845
SO51845
SO51845
SO51845
SO51845
SO51845
SO51845
SO51845
SO51845
SO51845
SO51845
SO51845
SO51845
SO51845
SO51845
SO51845
SO51846
SO51847
SO51847
SO51847
SO51847
SO51847
SO51847
SO51847
SO51847
SO51847
SO51847
SO51847
SO51847
SO51847
SO51848
SO51848
SO51848
SO51848
SO51848
SO51848
SO51848
SO51848
SO51848
SO51849
SO51849
SO51849
SO51849
SO51849
SO51849
SO51849
SO51849
SO51849
SO51850
SO51850
SO51850
SO51850
SO51850
SO51850
SO51850
SO51850
SO51850
SO51850
SO51850
SO51850
SO51850
SO51850
SO51850
SO51850
SO51850
SO51850
SO51850
SO51850
SO51850
SO51850
SO51850
SO51850
SO51850
SO51850
SO51850
SO51850
SO51850
SO51850
SO51850
SO51850
SO51850
SO51850
SO51850
SO51850
SO51850
SO51850
SO51850
SO51850
SO51850
SO51850
SO51851
SO51851
SO51851
SO51851
SO51851
SO51851
SO51852
SO51852
SO51852
SO51852
SO51852
SO51852
SO51852
SO51852
SO51853
SO51853
SO51853
SO51853
SO51853
SO51853
SO51853
SO51853
SO51853
SO51853
SO51853
SO51853
SO51853
SO51853
SO51853
SO51853
SO51853
SO51853
SO51853
SO51853
SO51853
SO51853
SO51853
SO51853
SO51853
SO51853
SO51853
SO51853
SO51853
SO51853
SO51853
SO51853
SO51853
SO51853
SO51853
SO51853
SO51854
SO51855
SO51855
SO51855
SO51855
SO51855
SO51855
SO51855
SO51855
SO51855
SO51855
SO51855
SO51855
SO51855
SO51855
SO51855
SO51855
SO51855
SO51855
SO51855
SO51855
SO51855
SO51855
SO51855
SO51855
SO51855
SO51855
SO51855
SO51855
SO51855
SO51855
SO51855
SO51855
SO51855
SO51855
SO51855
SO51855
SO51855
SO51855
SO51855
SO51855
SO51855
SO51855
SO51855
SO51855
SO51855
SO51855
SO51855
SO51855
SO51855
SO51855
SO51855
SO51855
SO51855
SO51856
SO51856
SO51856
SO51856
SO51856
SO51856
SO51856
SO51856
SO51856
SO51856
SO51856
SO51856
SO51856
SO51856
SO51856
SO51856
SO51856
SO51856
SO51856
SO51856
SO51856
SO51856
SO51856
SO51856
SO51856
SO51856
SO51856
SO51856
SO51856
SO51856
SO51856
SO51856
SO51856
SO51856
SO51856
SO51856
SO51856
SO51856
SO51856
SO51856
SO51856
SO51856
SO51856
SO51856
SO51856
SO51857
SO51857
SO51857
SO51857
SO51857
SO51857
SO51857
SO51857
SO51857
SO51857
SO51857
SO51857
SO51857
SO51857
SO51857
SO51857
SO51857
SO51857
SO51857
SO51857
SO51857
SO51857
SO51857
SO51857
SO51857
SO51857
SO51857
SO51857
SO51857
SO51857
SO51857
SO51857
SO51857
SO51857
SO51857
SO51857
SO51857
SO51857
SO51857
SO51857
SO51857
SO51857
SO51857
SO51857
SO51857
SO51858
SO51858
SO51858
SO51858
SO51858
SO51858
SO51858
SO51858
SO51858
SO51858
SO51858
SO51858
SO51858
SO51858
SO51858
SO51858
SO51858
SO51858
SO51858
SO51858
SO51858
SO51858
SO51858
SO51858
SO51858
SO51858
SO51858
SO51858
SO51858
SO51858
SO51858
SO51858
SO51858
SO51858
SO51858
SO51858
SO51858
SO51858
SO51858
SO51858
SO51858
SO51859
SO51859
SO51859
SO51860
SO51860
SO51860
SO51860
SO51860
SO51860
SO51860
SO51860
SO51860
SO51860
SO51860
SO51860
SO51860
SO51860
SO51860
SO51860
SO51860
SO51860
SO51860
SO51860
SO51860
SO51860
SO51860
SO51860
SO51860
SO51860
SO51860
SO51860
SO51860
SO51860
SO51860
SO51860
SO51860
SO51860
SO51861
SO51861
SO51861
SO51861
SO51861
SO51861
SO51861
SO51861
SO51861
SO51861
SO51861
SO51861
SO51861
SO51861
SO51861
SO51861
SO51861
SO51861
SO51861
SO51861
SO51861
SO51861
SO51861
SO51861
SO51861
SO51861
SO51862
SO51863
SO51864
SO51864
SO51864
SO51864
SO51864
SO51864
SO51864
SO51864
SO51864
SO51864
SO51864
SO51864
SO51864
SO51864
SO51864
SO51864
SO51864
SO51864
SO51864
SO51864
SO51864
SO51865
SO51865
SO51865
SO51866
SO51866
SO51867
SO51867
SO51867
SO51867
SO51868
SO51869
SO51870
SO51871
SO51872
SO51873
SO51873
SO51874
SO51874
SO51874
SO51874
SO51874
SO51874
SO51874
SO51874
SO51874
SO51874
SO51874
SO51874
SO51875
SO51875
SO51875
SO51875
SO51875
SO51875
SO51875
SO51875
SO51875
SO51875
SO51875
SO51875
SO51875
SO51875
SO51875
SO51875
SO51875
SO51875
SO51875
SO51875
SO51875
SO51875
SO51875
SO51875
SO51875
SO51875
SO51875
SO51875
SO51875
SO53450
SO53451
SO53451
SO53452
SO53452
SO53452
SO53452
SO53452
SO53452
SO53452
SO53452
SO53452
SO53452
SO53452
SO53452
SO53452
SO53452
SO53452
SO53452
SO53452
SO53452
SO53452
SO53452
SO53452
SO53452
SO53452
SO53452
SO53452
SO53452
SO53452
SO53452
SO53452
SO53452
SO53452
SO53452
SO53452
SO53452
SO53452
SO53452
SO53452
SO53452
SO53452
SO53452
SO53452
SO53452
SO53452
SO53453
SO53454
SO53454
SO53454
SO53454
SO53454
SO53454
SO53454
SO53454
SO53454
SO53454
SO53454
SO53454
SO53454
SO53454
SO53454
SO53454
SO53454
SO53454
SO53454
SO53454
SO53454
SO53454
SO53454
SO53454
SO53454
SO53454
SO53454
SO53454
SO53454
SO53454
SO53454
SO53454
SO53454
SO53454
SO53454
SO53454
SO53454
SO53454
SO53454
SO53454
SO53454
SO53454
SO53454
SO53454
SO53454
SO53454
SO53454
SO53454
SO53455
SO53455
SO53455
SO53455
SO53455
SO53455
SO53455
SO53455
SO53455
SO53455
SO53455
SO53455
SO53455
SO53455
SO53455
SO53455
SO53455
SO53455
SO53455
SO53455
SO53455
SO53455
SO53455
SO53455
SO53455
SO53455
SO53455
SO53455
SO53455
SO53455
SO53455
SO53455
SO53455
SO53455
SO53456
SO53456
SO53456
SO53456
SO53456
SO53456
SO53456
SO53456
SO53456
SO53456
SO53456
SO53456
SO53456
SO53456
SO53456
SO53456
SO53456
SO53456
SO53456
SO53456
SO53456
SO53456
SO53456
SO53456
SO53456
SO53456
SO53457
SO53457
SO53457
SO53457
SO53457
SO53457
SO53457
SO53457
SO53457
SO53457
SO53457
SO53457
SO53457
SO53457
SO53457
SO53457
SO53457
SO53457
SO53457
SO53457
SO53457
SO53457
SO53457
SO53457
SO53457
SO53457
SO53457
SO53457
SO53457
SO53457
SO53457
SO53457
SO53457
SO53457
SO53457
SO53457
SO53457
SO53457
SO53458
SO53458
SO53458
SO53458
SO53458
SO53458
SO53458
SO53458
SO53458
SO53458
SO53458
SO53458
SO53458
SO53458
SO53458
SO53458
SO53458
SO53458
SO53458
SO53458
SO53458
SO53458
SO53458
SO53458
SO53458
SO53458
SO53458
SO53458
SO53458
SO53458
SO53458
SO53458
SO53458
SO53458
SO53458
SO53458
SO53458
SO53458
SO53458
SO53458
SO53458
SO53458
SO53458
SO53458
SO53458
SO53458
SO53458
SO53458
SO53458
SO53458
SO53458
SO53459
SO53459
SO53459
SO53459
SO53459
SO53459
SO53459
SO53459
SO53459
SO53459
SO53459
SO53459
SO53459
SO53459
SO53459
SO53459
SO53459
SO53459
SO53459
SO53459
SO53459
SO53459
SO53459
SO53459
SO53459
SO53459
SO53459
SO53459
SO53459
SO53459
SO53459
SO53459
SO53459
SO53459
SO53459
SO53459
SO53459
SO53459
SO53459
SO53459
SO53459
SO53459
SO53459
SO53459
SO53459
SO53459
SO53459
SO53459
SO53459
SO53460
SO53460
SO53460
SO53460
SO53460
SO53460
SO53460
SO53460
SO53460
SO53460
SO53460
SO53460
SO53460
SO53460
SO53460
SO53460
SO53460
SO53460
SO53460
SO53460
SO53460
SO53460
SO53460
SO53460
SO53460
SO53460
SO53460
SO53460
SO53460
SO53460
SO53460
SO53460
SO53460
SO53460
SO53460
SO53460
SO53460
SO53460
SO53460
SO53460
SO53460
SO53460
SO53460
SO53460
SO53460
SO53460
SO53460
SO53460
SO53460
SO53460
SO53460
SO53460
SO53460
SO53460
SO53461
SO53462
SO53462
SO53463
SO53463
SO53463
SO53463
SO53463
SO53463
SO53463
SO53463
SO53463
SO53463
SO53464
SO53464
SO53464
SO53464
SO53464
SO53464
SO53464
SO53464
SO53464
SO53464
SO53464
SO53464
SO53464
SO53464
SO53464
SO53464
SO53464
SO53464
SO53464
SO53464
SO53464
SO53464
SO53464
SO53464
SO53464
SO53464
SO53464
SO53464
SO53464
SO53464
SO53464
SO53464
SO53464
SO53464
SO53465
SO53465
SO53465
SO53465
SO53465
SO53465
SO53465
SO53465
SO53465
SO53465
SO53465
SO53465
SO53465
SO53465
SO53465
SO53465
SO53465
SO53465
SO53465
SO53465
SO53465
SO53465
SO53465
SO53465
SO53465
SO53465
SO53465
SO53465
SO53465
SO53465
SO53465
SO53465
SO53465
SO53465
SO53465
SO53465
SO53465
SO53465
SO53465
SO53465
SO53465
SO53465
SO53465
SO53465
SO53465
SO53465
SO53465
SO53465
SO53465
SO53465
SO53465
SO53465
SO53465
SO53465
SO53465
SO53465
SO53465
SO53465
SO53465
SO53465
SO53465
SO53465
SO53465
SO53465
SO53465
SO53465
SO53465
SO53465
SO53465
SO53465
SO53465
SO53466
SO53466
SO53467
SO53467
SO53467
SO53467
SO53467
SO53467
SO53467
SO53467
SO53467
SO53467
SO53467
SO53467
SO53467
SO53467
SO53467
SO53467
SO53467
SO53467
SO53467
SO53467
SO53467
SO53467
SO53468
SO53468
SO53468
SO53468
SO53468
SO53468
SO53468
SO53468
SO53468
SO53468
SO53468
SO53468
SO53468
SO53468
SO53468
SO53468
SO53468
SO53468
SO53468
SO53468
SO53468
SO53468
SO53468
SO53468
SO53468
SO53468
SO53468
SO53468
SO53468
SO53468
SO53468
SO53468
SO53468
SO53468
SO53468
SO53468
SO53468
SO53468
SO53468
SO53468
SO53468
SO53468
SO53468
SO53468
SO53468
SO53468
SO53468
SO53468
SO53468
SO53468
SO53468
SO53468
SO53469
SO53469
SO53469
SO53469
SO53469
SO53469
SO53469
SO53469
SO53469
SO53469
SO53469
SO53469
SO53469
SO53469
SO53469
SO53470
SO53470
SO53470
SO53470
SO53470
SO53470
SO53470
SO53470
SO53470
SO53470
SO53470
SO53470
SO53470
SO53470
SO53470
SO53470
SO53470
SO53470
SO53470
SO53470
SO53470
SO53470
SO53470
SO53470
SO53470
SO53470
SO53471
SO53471
SO53471
SO53471
SO53471
SO53471
SO53471
SO53471
SO53471
SO53471
SO53471
SO53471
SO53471
SO53471
SO53471
SO53471
SO53471
SO53471
SO53471
SO53471
SO53471
SO53471
SO53471
SO53471
SO53471
SO53471
SO53471
SO53471
SO53471
SO53471
SO53471
SO53472
SO53472
SO53472
SO53472
SO53472
SO53472
SO53472
SO53472
SO53472
SO53472
SO53472
SO53472
SO53472
SO53472
SO53472
SO53472
SO53472
SO53472
SO53472
SO53472
SO53472
SO53472
SO53472
SO53472
SO53472
SO53472
SO53472
SO53472
SO53472
SO53472
SO53472
SO53472
SO53472
SO53472
SO53472
SO53472
SO53472
SO53472
SO53472
SO53472
SO53472
SO53472
SO53472
SO53472
SO53472
SO53472
SO53472
SO53472
SO53472
SO53472
SO53472
SO53472
SO53472
SO53472
SO53473
SO53473
SO53473
SO53474
SO53474
SO53474
SO53474
SO53474
SO53474
SO53474
SO53474
SO53474
SO53474
SO53474
SO53474
SO53474
SO53474
SO53474
SO53474
SO53474
SO53474
SO53474
SO53474
SO53474
SO53474
SO53474
SO53474
SO53474
SO53474
SO53474
SO53474
SO53474
SO53474
SO53474
SO53474
SO53474
SO53475
SO53475
SO53475
SO53475
SO53475
SO53475
SO53475
SO53475
SO53475
SO53475
SO53475
SO53475
SO53475
SO53475
SO53475
SO53475
SO53475
SO53475
SO53475
SO53475
SO53475
SO53475
SO53475
SO53475
SO53475
SO53475
SO53475
SO53475
SO53475
SO53475
SO53475
SO53475
SO53475
SO53475
SO53475
SO53475
SO53475
SO53475
SO53475
SO53475
SO53475
SO53475
SO53475
SO53475
SO53475
SO53475
SO53475
SO53475
SO53475
SO53476
SO53476
SO53476
SO53476
SO53476
SO53476
SO53476
SO53476
SO53476
SO53476
SO53476
SO53476
SO53476
SO53476
SO53476
SO53476
SO53477
SO53477
SO53477
SO53477
SO53477
SO53477
SO53477
SO53477
SO53477
SO53477
SO53477
SO53477
SO53477
SO53477
SO53477
SO53477
SO53477
SO53477
SO53477
SO53477
SO53477
SO53477
SO53477
SO53477
SO53477
SO53477
SO53477
SO53477
SO53477
SO53477
SO53478
SO53478
SO53478
SO53478
SO53478
SO53478
SO53478
SO53478
SO53478
SO53478
SO53478
SO53478
SO53478
SO53478
SO53478
SO53478
SO53478
SO53478
SO53478
SO53478
SO53478
SO53478
SO53478
SO53478
SO53478
SO53478
SO53478
SO53478
SO53478
SO53478
SO53478
SO53478
SO53478
SO53478
SO53478
SO53478
SO53478
SO53478
SO53478
SO53478
SO53479
SO53479
SO53479
SO53480
SO53480
SO53480
SO53480
SO53480
SO53480
SO53480
SO53480
SO53480
SO53480
SO53480
SO53480
SO53480
SO53480
SO53480
SO53480
SO53480
SO53480
SO53480
SO53480
SO53480
SO53480
SO53480
SO53480
SO53480
SO53480
SO53480
SO53480
SO53480
SO53480
SO53480
SO53480
SO53480
SO53480
SO53480
SO53480
SO53480
SO53480
SO53480
SO53480
SO53480
SO53480
SO53480
SO53480
SO53480
SO53480
SO53480
SO53480
SO53480
SO53480
SO53481
SO53481
SO53481
SO53482
SO53482
SO53482
SO53483
SO53483
SO53483
SO53483
SO53483
SO53483
SO53483
SO53483
SO53483
SO53483
SO53483
SO53483
SO53483
SO53483
SO53483
SO53483
SO53483
SO53483
SO53483
SO53483
SO53483
SO53483
SO53483
SO53483
SO53483
SO53483
SO53483
SO53483
SO53483
SO53483
SO53483
SO53483
SO53483
SO53483
SO53483
SO53483
SO53483
SO53483
SO53483
SO53483
SO53483
SO53483
SO53483
SO53483
SO53484
SO53484
SO53484
SO53484
SO53484
SO53484
SO53484
SO53484
SO53484
SO53484
SO53484
SO53484
SO53484
SO53484
SO53484
SO53484
SO53484
SO53484
SO53484
SO53484
SO53484
SO53484
SO53484
SO53484
SO53484
SO53484
SO53484
SO53484
SO53484
SO53484
SO53484
SO53484
SO53484
SO53485
SO53485
SO53485
SO53485
SO53485
SO53485
SO53485
SO53485
SO53485
SO53485
SO53485
SO53485
SO53485
SO53485
SO53485
SO53485
SO53485
SO53485
SO53485
SO53485
SO53485
SO53485
SO53485
SO53485
SO53485
SO53485
SO53485
SO53485
SO53485
SO53485
SO53485
SO53485
SO53485
SO53485
SO53485
SO53485
SO53485
SO53485
SO53485
SO53485
SO53485
SO53485
SO53485
SO53485
SO53485
SO53485
SO53485
SO53485
SO53485
SO53485
SO53485
SO53485
SO53485
SO53485
SO53485
SO53485
SO53485
SO53485
SO53485
SO53486
SO53486
SO53487
SO53488
SO53488
SO53489
SO53490
SO53490
SO53490
SO53490
SO53490
SO53491
SO53492
SO53492
SO53492
SO53492
SO53492
SO53492
SO53492
SO53492
SO53492
SO53492
SO53492
SO53492
SO53492
SO53492
SO53492
SO53492
SO53492
SO53492
SO53492
SO53492
SO53492
SO53492
SO53492
SO53492
SO53492
SO53492
SO53492
SO53492
SO53492
SO53492
SO53492
SO53492
SO53492
SO53493
SO53493
SO53493
SO53493
SO53493
SO53493
SO53493
SO53493
SO53493
SO53493
SO53493
SO53493
SO53493
SO53493
SO53493
SO53493
SO53493
SO53493
SO53493
SO53493
SO53493
SO53493
SO53493
SO53493
SO53493
SO53493
SO53493
SO53493
SO53493
SO53493
SO53494
SO53495
SO53495
SO53496
SO53496
SO53496
SO53496
SO53496
SO53496
SO53496
SO53496
SO53496
SO53497
SO53497
SO53497
SO53497
SO53497
SO53497
SO53497
SO53497
SO53497
SO53497
SO53497
SO53497
SO53497
SO53497
SO53497
SO53497
SO53497
SO53497
SO53497
SO53497
SO53497
SO53497
SO53497
SO53497
SO53497
SO53497
SO53497
SO53497
SO53497
SO53497
SO53497
SO53497
SO53497
SO53497
SO53498
SO53498
SO53498
SO53498
SO53498
SO53499
SO53499
SO53499
SO53499
SO53499
SO53499
SO53499
SO53499
SO53499
SO53499
SO53499
SO53499
SO53499
SO53499
SO53499
SO53499
SO53499
SO53499
SO53499
SO53499
SO53499
SO53499
SO53499
SO53499
SO53499
SO53499
SO53499
SO53499
SO53499
SO53499
SO53499
SO53499
SO53499
SO53499
SO53499
SO53499
SO53499
SO53499
SO53499
SO53499
SO53499
SO53499
SO53499
SO53499
SO53499
SO53499
SO53499
SO53499
SO53499
SO53499
SO53500
SO53500
SO53500
SO53500
SO53500
SO53500
SO53500
SO53500
SO53500
SO53500
SO53500
SO53500
SO53500
SO53500
SO53500
SO53500
SO53500
SO53500
SO53500
SO53500
SO53500
SO53500
SO53500
SO53500
SO53500
SO53500
SO53500
SO53500
SO53500
SO53500
SO53501
SO53501
SO53501
SO53501
SO53502
SO53502
SO53502
SO53502
SO53502
SO53502
SO53502
SO53502
SO53502
SO53502
SO53502
SO53502
SO53502
SO53502
SO53502
SO53502
SO53502
SO53502
SO53502
SO53502
SO53502
SO53502
SO53502
SO53502
SO53502
SO53502
SO53502
SO53502
SO53502
SO53502
SO53502
SO53502
SO53502
SO53502
SO53502
SO53502
SO53502
SO53502
SO53502
SO53502
SO53502
SO53502
SO53502
SO53502
SO53502
SO53503
SO53503
SO53503
SO53503
SO53503
SO53503
SO53504
SO53504
SO53504
SO53505
SO53505
SO53505
SO53505
SO53505
SO53505
SO53505
SO53505
SO53505
SO53505
SO53505
SO53505
SO53505
SO53505
SO53505
SO53505
SO53505
SO53505
SO53505
SO53505
SO53505
SO53505
SO53505
SO53505
SO53505
SO53505
SO53505
SO53505
SO53505
SO53505
SO53505
SO53505
SO53505
SO53505
SO53505
SO53505
SO53505
SO53505
SO53505
SO53505
SO53505
SO53505
SO53505
SO53505
SO53505
SO53505
SO53505
SO53505
SO53505
SO53505
SO53505
SO53506
SO53506
SO53506
SO53506
SO53506
SO53506
SO53506
SO53506
SO53506
SO53506
SO53506
SO53506
SO53506
SO53506
SO53506
SO53506
SO53506
SO53506
SO53506
SO53506
SO53506
SO53506
SO53506
SO53506
SO53506
SO53506
SO53506
SO53506
SO53506
SO53506
SO53506
SO53506
SO53506
SO53506
SO53506
SO53507
SO53507
SO53507
SO53507
SO53508
SO53508
SO53508
SO53508
SO53508
SO53508
SO53508
SO53508
SO53508
SO53508
SO53508
SO53508
SO53508
SO53508
SO53508
SO53508
SO53508
SO53508
SO53508
SO53508
SO53508
SO53508
SO53509
SO53509
SO53509
SO53509
SO53509
SO53509
SO53509
SO53509
SO53509
SO53509
SO53509
SO53509
SO53509
SO53509
SO53509
SO53509
SO53509
SO53509
SO53509
SO53509
SO53509
SO53509
SO53510
SO53510
SO53510
SO53510
SO53510
SO53510
SO53510
SO53510
SO53510
SO53510
SO53510
SO53510
SO53510
SO53510
SO53510
SO53510
SO53510
SO53510
SO53510
SO53510
SO53510
SO53510
SO53510
SO53510
SO53510
SO53510
SO53510
SO53510
SO53510
SO53510
SO53510
SO53510
SO53511
SO53511
SO53511
SO53511
SO53511
SO53511
SO53511
SO53512
SO53512
SO53512
SO53512
SO53512
SO53512
SO53512
SO53512
SO53512
SO53512
SO53512
SO53512
SO53512
SO53512
SO53512
SO53512
SO53512
SO53512
SO53512
SO53512
SO53512
SO53512
SO53512
SO53512
SO53512
SO53512
SO53512
SO53512
SO53512
SO53512
SO53512
SO53512
SO53512
SO53513
SO53513
SO53513
SO53513
SO53513
SO53513
SO53513
SO53513
SO53513
SO53513
SO53513
SO53513
SO53513
SO53513
SO53513
SO53513
SO53513
SO53513
SO53513
SO53513
SO53513
SO53513
SO53513
SO53513
SO53513
SO53513
SO53513
SO53513
SO53513
SO53513
SO53513
SO53513
SO53513
SO53513
SO53513
SO53513
SO53513
SO53513
SO53513
SO53513
SO53513
SO53513
SO53513
SO53513
SO53513
SO53513
SO53513
SO53514
SO53514
SO53514
SO53514
SO53514
SO53514
SO53514
SO53514
SO53514
SO53514
SO53514
SO53514
SO53514
SO53514
SO53514
SO53514
SO53514
SO53514
SO53514
SO53514
SO53514
SO53514
SO53514
SO53514
SO53514
SO53514
SO53514
SO53514
SO53514
SO53514
SO53514
SO53514
SO53514
SO53514
SO53514
SO53514
SO53514
SO53514
SO53514
SO53514
SO53514
SO53514
SO53514
SO53514
SO53514
SO53514
SO53514
SO53514
SO53514
SO53514
SO53514
SO53514
SO53514
SO53514
SO53514
SO53514
SO53514
SO53514
SO53515
SO53516
SO53516
SO53517
SO53518
SO53518
SO53518
SO53518
SO53518
SO53518
SO53518
SO53518
SO53518
SO53518
SO53518
SO53518
SO53518
SO53518
SO53518
SO53518
SO53518
SO53518
SO53518
SO53518
SO53518
SO53518
SO53518
SO53518
SO53518
SO53518
SO53518
SO53518
SO53518
SO53518
SO53518
SO53518
SO53518
SO53518
SO53518
SO53518
SO53518
SO53518
SO53518
SO53518
SO53518
SO53518
SO53518
SO53518
SO53518
SO53518
SO53518
SO53518
SO53518
SO53518
SO53518
SO53518
SO53518
SO53518
SO53518
SO53518
SO53518
SO53518
SO53518
SO53518
SO53518
SO53519
SO53520
SO53520
SO53520
SO53520
SO53520
SO53520
SO53520
SO53520
SO53520
SO53520
SO53520
SO53520
SO53520
SO53520
SO53520
SO53520
SO53520
SO53520
SO53520
SO53520
SO53520
SO53520
SO53520
SO53520
SO53520
SO53520
SO53520
SO53520
SO53520
SO53520
SO53520
SO53520
SO53520
SO53520
SO53520
SO53520
SO53520
SO53520
SO53520
SO53520
SO53520
SO53520
SO53521
SO53521
SO53521
SO53521
SO53522
SO53522
SO53523
SO53523
SO53523
SO53523
SO53523
SO53523
SO53523
SO53523
SO53523
SO53523
SO53523
SO53523
SO53523
SO53523
SO53523
SO53523
SO53523
SO53523
SO53523
SO53523
SO53523
SO53524
SO53524
SO53524
SO53524
SO53524
SO53524
SO53524
SO53524
SO53524
SO53524
SO53524
SO53524
SO53524
SO53524
SO53524
SO53524
SO53524
SO53524
SO53524
SO53524
SO53524
SO53524
SO53524
SO53524
SO53524
SO53524
SO53524
SO53524
SO53524
SO53524
SO53524
SO53524
SO53524
SO53524
SO53524
SO53524
SO53524
SO53524
SO53524
SO53524
SO53524
SO53524
SO53524
SO53524
SO53524
SO53524
SO53524
SO53524
SO53524
SO53524
SO53524
SO53525
SO53525
SO53525
SO53525
SO53525
SO53525
SO53525
SO53525
SO53525
SO53525
SO53525
SO53525
SO53525
SO53525
SO53525
SO53525
SO53525
SO53525
SO53525
SO53525
SO53525
SO53525
SO53526
SO53526
SO53526
SO53526
SO53526
SO53526
SO53526
SO53526
SO53526
SO53526
SO53526
SO53526
SO53526
SO53526
SO53526
SO53526
SO53526
SO53526
SO53526
SO53526
SO53526
SO53526
SO53526
SO53526
SO53526
SO53526
SO53526
SO53526
SO53526
SO53527
SO53527
SO53527
SO53527
SO53527
SO53527
SO53527
SO53527
SO53527
SO53527
SO53527
SO53527
SO53527
SO53527
SO53527
SO53527
SO53527
SO53527
SO53527
SO53527
SO53527
SO53527
SO53527
SO53527
SO53527
SO53527
SO53527
SO53527
SO53527
SO53527
SO53527
SO53527
SO53527
SO53527
SO53527
SO53527
SO53527
SO53527
SO53527
SO53527
SO53527
SO53527
SO53527
SO53527
SO53527
SO53527
SO53527
SO53527
SO53527
SO53527
SO53527
SO53527
SO53527
SO53527
SO53527
SO53527
SO53527
SO53527
SO53527
SO53528
SO53528
SO53528
SO53528
SO53528
SO53528
SO53528
SO53528
SO53529
SO53530
SO53530
SO53530
SO53530
SO53530
SO53530
SO53530
SO53530
SO53530
SO53530
SO53530
SO53530
SO53530
SO53530
SO53530
SO53530
SO53530
SO53530
SO53530
SO53530
SO53530
SO53530
SO53530
SO53530
SO53530
SO53530
SO53530
SO53530
SO53530
SO53530
SO53530
SO53530
SO53530
SO53530
SO53530
SO53530
SO53530
SO53530
SO53530
SO53530
SO53530
SO53530
SO53530
SO53530
SO53531
SO53531
SO53531
SO53531
SO53531
SO53531
SO53531
SO53531
SO53531
SO53531
SO53531
SO53531
SO53531
SO53531
SO53531
SO53531
SO53531
SO53531
SO53531
SO53531
SO53531
SO53531
SO53531
SO53531
SO53531
SO53531
SO53531
SO53531
SO53531
SO53531
SO53531
SO53531
SO53531
SO53531
SO53531
SO53531
SO53531
SO53531
SO53531
SO53531
SO53531
SO53531
SO53531
SO53531
SO53531
SO53531
SO53531
SO53531
SO53532
SO53533
SO53533
SO53533
SO53533
SO53533
SO53533
SO53533
SO53533
SO53533
SO53533
SO53533
SO53533
SO53533
SO53533
SO53533
SO53533
SO53533
SO53533
SO53533
SO53533
SO53533
SO53533
SO53533
SO53533
SO53533
SO53533
SO53533
SO53533
SO53533
SO53533
SO53533
SO53534
SO53534
SO53534
SO53534
SO53534
SO53534
SO53534
SO53534
SO53534
SO53534
SO53534
SO53534
SO53534
SO53534
SO53534
SO53534
SO53534
SO53534
SO53534
SO53534
SO53534
SO53534
SO53534
SO53534
SO53534
SO53534
SO53534
SO53535
SO53535
SO53535
SO53535
SO53535
SO53535
SO53535
SO53535
SO53535
SO53535
SO53535
SO53535
SO53535
SO53535
SO53535
SO53535
SO53535
SO53535
SO53535
SO53535
SO53535
SO53535
SO53535
SO53535
SO53535
SO53535
SO53535
SO53535
SO53535
SO53535
SO53535
SO53535
SO53535
SO53535
SO53535
SO53535
SO53535
SO53536
SO53536
SO53536
SO53536
SO53536
SO53536
SO53536
SO53536
SO53536
SO53536
SO53536
SO53536
SO53536
SO53536
SO53536
SO53536
SO53536
SO53536
SO53536
SO53536
SO53536
SO53536
SO53536
SO53536
SO53536
SO53536
SO53536
SO53536
SO53536
SO53536
SO53536
SO53536
SO53536
SO53536
SO53536
SO53536
SO53536
SO53536
SO53536
SO53536
SO53536
SO53536
SO53536
SO53536
SO53536
SO53536
SO53536
SO53536
SO53536
SO53536
SO53536
SO53536
SO53536
SO53536
SO53536
SO53536
SO53536
SO53536
SO53536
SO53536
SO53536
SO53537
SO53537
SO53537
SO53537
SO53537
SO53537
SO53537
SO53538
SO53538
SO53538
SO53538
SO53538
SO53538
SO53538
SO53538
SO53538
SO53538
SO53538
SO53538
SO53538
SO53538
SO53538
SO53538
SO53539
SO53539
SO53539
SO53539
SO53539
SO53539
SO53539
SO53539
SO53539
SO53539
SO53539
SO53539
SO53539
SO53539
SO53539
SO53539
SO53539
SO53540
SO53540
SO53540
SO53540
SO53540
SO53540
SO53540
SO53540
SO53540
SO53540
SO53540
SO53540
SO53540
SO53540
SO53541
SO53541
SO53541
SO53541
SO53541
SO53541
SO53541
SO53541
SO53541
SO53541
SO53541
SO53541
SO53541
SO53541
SO53541
SO53541
SO53541
SO53541
SO53541
SO53541
SO53541
SO53541
SO53541
SO53541
SO53541
SO53541
SO53541
SO53541
SO53541
SO53541
SO53541
SO53541
SO53541
SO53541
SO53541
SO53541
SO53541
SO53541
SO53541
SO53541
SO53541
SO53541
SO53541
SO53541
SO53541
SO53541
SO53541
SO53541
SO53542
SO53542
SO53542
SO53542
SO53542
SO53542
SO53542
SO53542
SO53542
SO53542
SO53543
SO53544
SO53544
SO53545
SO53545
SO53545
SO53545
SO53545
SO53545
SO53545
SO53545
SO53545
SO53545
SO53545
SO53545
SO53545
SO53545
SO53545
SO53545
SO53545
SO53545
SO53545
SO53545
SO53545
SO53545
SO53546
SO53546
SO53546
SO53546
SO53546
SO53546
SO53546
SO53546
SO53546
SO53546
SO53546
SO53546
SO53546
SO53546
SO53546
SO53546
SO53546
SO53546
SO53546
SO53546
SO53546
SO53546
SO53546
SO53546
SO53546
SO53546
SO53546
SO53546
SO53546
SO53546
SO53547
SO53547
SO53547
SO53548
SO53548
SO53548
SO53548
SO53548
SO53548
SO53548
SO53548
SO53548
SO53548
SO53548
SO53548
SO53548
SO53548
SO53548
SO53548
SO53548
SO53548
SO53548
SO53548
SO53548
SO53548
SO53548
SO53548
SO53548
SO53548
SO53548
SO53549
SO53550
SO53550
SO53550
SO53550
SO53550
SO53550
SO53550
SO53550
SO53550
SO53550
SO53551
SO53551
SO53551
SO53551
SO53551
SO53551
SO53551
SO53551
SO53551
SO53551
SO53551
SO53551
SO53551
SO53551
SO53551
SO53551
SO53551
SO53551
SO53551
SO53551
SO53551
SO53551
SO53551
SO53551
SO53551
SO53551
SO53551
SO53551
SO53551
SO53551
SO53551
SO53551
SO53551
SO53551
SO53552
SO53552
SO53552
SO53552
SO53552
SO53552
SO53552
SO53552
SO53552
SO53552
SO53552
SO53552
SO53552
SO53552
SO53552
SO53552
SO53552
SO53552
SO53552
SO53552
SO53552
SO53552
SO53553
SO53553
SO53554
SO53554
SO53554
SO53554
SO53554
SO53554
SO53554
SO53554
SO53554
SO53554
SO53554
SO53554
SO53554
SO53554
SO53554
SO53554
SO53554
SO53554
SO53554
SO53554
SO53555
SO53555
SO53556
SO53556
SO53556
SO53556
SO53556
SO53556
SO53557
SO53557
SO53558
SO53558
SO53558
SO53559
SO53560
SO53560
SO53560
SO53560
SO53560
SO53560
SO53560
SO53560
SO53560
SO53560
SO53560
SO53560
SO53560
SO53560
SO53560
SO53560
SO53560
SO53560
SO53560
SO53560
SO53560
SO53560
SO53560
SO53560
SO53560
SO53560
SO53560
SO53560
SO53560
SO53560
SO53560
SO53560
SO53560
SO53560
SO53560
SO53560
SO53560
SO53560
SO53560
SO53560
SO53560
SO53560
SO53560
SO53560
SO53560
SO53560
SO53560
SO53560
SO53560
SO53560
SO53560
SO53560
SO53560
SO53560
SO53560
SO53560
SO53560
SO53560
SO53560
SO53560
SO53560
SO53560
SO53561
SO53561
SO53561
SO53561
SO53561
SO53561
SO53561
SO53561
SO53561
SO53561
SO53561
SO53561
SO53561
SO53561
SO53561
SO53561
SO53561
SO53561
SO53561
SO53561
SO53561
SO53561
SO53561
SO53561
SO53561
SO53561
SO53561
SO53561
SO53561
SO53561
SO53561
SO53561
SO53561
SO53561
SO53561
SO53561
SO53561
SO53561
SO53561
SO53561
SO53561
SO53561
SO53561
SO53561
SO53561
SO53562
SO53562
SO53562
SO53562
SO53562
SO53562
SO53562
SO53562
SO53562
SO53562
SO53562
SO53562
SO53562
SO53562
SO53562
SO53562
SO53562
SO53562
SO53562
SO53562
SO53562
SO53562
SO53562
SO53562
SO53562
SO53562
SO53562
SO53562
SO53562
SO53562
SO53562
SO53562
SO53562
SO53562
SO53562
SO53562
SO53562
SO53562
SO53562
SO53562
SO53562
SO53562
SO53562
SO53562
SO53562
SO53562
SO53562
SO53562
SO53562
SO53562
SO53562
SO53562
SO53563
SO53563
SO53563
SO53563
SO53563
SO53563
SO53563
SO53563
SO53563
SO53563
SO53563
SO53563
SO53563
SO53563
SO53563
SO53563
SO53563
SO53563
SO53563
SO53563
SO53563
SO53563
SO53563
SO53563
SO53563
SO53563
SO53563
SO53563
SO53563
SO53563
SO53563
SO53563
SO53563
SO53563
SO53563
SO53563
SO53564
SO53565
SO53565
SO53565
SO53565
SO53565
SO53565
SO53565
SO53565
SO53565
SO53565
SO53565
SO53565
SO53565
SO53565
SO53565
SO53565
SO53565
SO53565
SO53565
SO53565
SO53565
SO53565
SO53565
SO53565
SO53565
SO53565
SO53565
SO53565
SO53565
SO53565
SO53565
SO53565
SO53565
SO53565
SO53565
SO53565
SO53565
SO53565
SO53565
SO53565
SO53565
SO53565
SO53565
SO53565
SO53565
SO53565
SO53565
SO53566
SO53566
SO53566
SO53566
SO53566
SO53566
SO53566
SO53566
SO53566
SO53566
SO53566
SO53566
SO53566
SO53566
SO53566
SO53566
SO53566
SO53566
SO53566
SO53566
SO53566
SO53566
SO53566
SO53566
SO53566
SO53566
SO53566
SO53566
SO53566
SO53566
SO53566
SO53566
SO53566
SO53566
SO53566
SO53566
SO53566
SO53566
SO53566
SO53566
SO53566
SO53566
SO53567
SO53567
SO53567
SO53567
SO53567
SO53567
SO53567
SO53567
SO53567
SO53567
SO53567
SO53567
SO53567
SO53567
SO53567
SO53567
SO53567
SO53567
SO53567
SO53567
SO53567
SO53567
SO53567
SO53567
SO53567
SO53567
SO53567
SO53567
SO53567
SO53567
SO53567
SO53567
SO53567
SO53567
SO53567
SO53567
SO53567
SO53567
SO53567
SO53567
SO53567
SO53567
SO53567
SO53567
SO53567
SO53567
SO53567
SO53567
SO53567
SO53567
SO53567
SO53567
SO53567
SO53568
SO53568
SO53568
SO53568
SO53568
SO53568
SO53568
SO53568
SO53568
SO53569
SO53569
SO53569
SO53569
SO53569
SO53569
SO53569
SO53569
SO53569
SO53569
SO53569
SO53569
SO53569
SO53569
SO53569
SO53569
SO53569
SO53569
SO53569
SO53569
SO53569
SO53569
SO53569
SO53569
SO53569
SO53569
SO53569
SO53569
SO53569
SO53569
SO53569
SO53569
SO53569
SO53569
SO53570
SO53570
SO53570
SO53570
SO53570
SO53570
SO53570
SO53570
SO53570
SO53570
SO53570
SO53570
SO53570
SO53570
SO53570
SO53570
SO53570
SO53570
SO53570
SO53570
SO53570
SO53570
SO53570
SO53570
SO53570
SO53570
SO53570
SO53570
SO53570
SO53570
SO53570
SO53570
SO53570
SO53570
SO53570
SO53570
SO53570
SO53570
SO53570
SO53570
SO53570
SO53570
SO53570
SO53570
SO53570
SO53570
SO53570
SO53570
SO53570
SO53570
SO53570
SO53571
SO53571
SO53571
SO53571
SO53571
SO53571
SO53571
SO53571
SO53571
SO53571
SO53571
SO53571
SO53571
SO53571
SO53571
SO53571
SO53571
SO53571
SO53571
SO53572
SO53572
SO53572
SO53573
SO53573
SO53573
SO53573
SO53573
SO53573
SO53573
SO53573
SO53573
SO53573
SO53573
SO53573
SO53573
SO53573
SO53573
SO53573
SO53573
SO53573
SO53573
SO53573
SO53573
SO53573
SO53573
SO53573
SO53573
SO53573
SO53573
SO53573
SO53573
SO53573
SO53573
SO53573
SO53573
SO53573
SO53573
SO53573
SO53573
SO53573
SO53573
SO53573
SO53573
SO53573
SO53573
SO53573
SO53573
SO53573
SO53573
SO53573
SO53573
SO53573
SO53573
SO53573
SO53573
SO53574
SO53574
SO53574
SO53574
SO53574
SO53574
SO53574
SO53574
SO53574
SO53574
SO53574
SO53574
SO53574
SO53574
SO53575
SO53575
SO53575
SO53576
SO53576
SO53576
SO53576
SO53576
SO53576
SO53576
SO53576
SO53576
SO53576
SO53576
SO53576
SO53576
SO53576
SO53576
SO53576
SO53576
SO53576
SO53576
SO53576
SO53576
SO53576
SO53576
SO53576
SO53576
SO53576
SO53576
SO53576
SO53576
SO53576
SO53576
SO53576
SO53576
SO53577
SO53577
SO53577
SO53577
SO53577
SO53577
SO53577
SO53577
SO53577
SO53577
SO53577
SO53577
SO53577
SO53577
SO53577
SO53577
SO53577
SO53577
SO53577
SO53577
SO53577
SO53577
SO53577
SO53577
SO53577
SO53577
SO53577
SO53577
SO53577
SO53577
SO53577
SO53577
SO53577
SO53577
SO53577
SO53577
SO53577
SO53577
SO53577
SO53577
SO53577
SO53578
SO53578
SO53578
SO53578
SO53578
SO53578
SO53578
SO53578
SO53578
SO53579
SO53579
SO53579
SO53580
SO53580
SO53580
SO53580
SO53580
SO53580
SO53580
SO53580
SO53580
SO53580
SO53580
SO53580
SO53580
SO53580
SO53580
SO53580
SO53580
SO53580
SO53580
SO53580
SO53580
SO53580
SO53580
SO53580
SO53580
SO53580
SO53580
SO53580
SO53580
SO53580
SO53580
SO53580
SO53581
SO53581
SO53581
SO53581
SO53581
SO53581
SO53582
SO53582
SO53582
SO53582
SO53582
SO53582
SO53582
SO53582
SO53582
SO53582
SO53582
SO53582
SO53582
SO53582
SO53582
SO53582
SO53582
SO53582
SO53582
SO53582
SO53582
SO53582
SO53582
SO53582
SO53583
SO53583
SO53583
SO53583
SO53583
SO53583
SO53583
SO53583
SO53583
SO53583
SO53583
SO53583
SO53583
SO53583
SO53583
SO53583
SO53583
SO53583
SO53583
SO53583
SO53583
SO53583
SO53583
SO53583
SO53583
SO53583
SO53583
SO53583
SO53583
SO53583
SO53583
SO53583
SO53583
SO53583
SO53583
SO53583
SO53583
SO53583
SO53583
SO53583
SO53583
SO53583
SO53583
SO53583
SO53583
SO53584
SO53584
SO53584
SO53584
SO53584
SO53584
SO53584
SO53584
SO53584
SO53584
SO53585
SO53585
SO53585
SO53585
SO53585
SO53585
SO53585
SO53585
SO53586
SO53586
SO53586
SO53586
SO53586
SO53586
SO53586
SO53586
SO53586
SO53586
SO53586
SO53586
SO53586
SO53586
SO53586
SO53586
SO53586
SO53586
SO53586
SO53586
SO53586
SO53587
SO53587
SO53587
SO53587
SO53587
SO53588
SO53589
SO53589
SO53589
SO53589
SO53590
SO53590
SO53590
SO53590
SO53590
SO53590
SO53590
SO53590
SO53590
SO53590
SO53590
SO53590
SO53590
SO53590
SO53590
SO53590
SO53590
SO53590
SO53590
SO53590
SO53590
SO53590
SO53590
SO53590
SO53590
SO53590
SO53590
SO53590
SO53590
SO53591
SO53592
SO53592
SO53593
SO53593
SO53593
SO53594
SO53594
SO53594
SO53594
SO53595
SO53595
SO53595
SO53595
SO53595
SO53595
SO53595
SO53595
SO53596
SO53597
SO53597
SO53598
SO53598
SO53598
SO53598
SO53598
SO53598
SO53598
SO53598
SO53599
SO53599
SO53599
SO53599
SO53600
SO53600
SO53600
SO53600
SO53600
SO53600
SO53600
SO53600
SO53600
SO53600
SO53600
SO53600
SO53600
SO53600
SO53600
SO53600
SO53600
SO53600
SO53600
SO53601
SO53601
SO53601
SO53601
SO53602
SO53602
SO53602
SO53603
SO53603
SO53603
SO53603
SO53603
SO53603
SO53603
SO53603
SO53603
SO53604
SO53604
SO53604
SO53605
SO53605
SO53605
SO53605
SO53605
SO53605
SO53605
SO53605
SO53605
SO53605
SO53605
SO53605
SO53605
SO53605
SO53605
SO53605
SO53605
SO53605
SO53605
SO53605
SO53605
SO53605
SO53605
SO53605
SO53605
SO53605
SO53605
SO53605
SO53606
SO53606
SO53606
SO53606
SO53606
SO53606
SO53606
SO53606
SO53606
SO53606
SO53606
SO53606
SO53606
SO53606
SO53606
SO53606
SO53606
SO53606
SO53606
SO53606
SO53606
SO53606
SO53606
SO53606
SO53606
SO53606
SO53606
SO53606
SO53606
SO53606
SO53606
SO53606
SO53606
SO53606
SO53606
SO53606
SO53606
SO53606
SO53606
SO53606
SO53606
SO53606
SO53606
SO53606
SO53606
SO53606
SO53606
SO53606
SO53606
SO53606
SO53606
SO53606
SO53607
SO53607
SO53607
SO53607
SO53607
SO53607
SO53607
SO53607
SO53607
SO53607
SO53607
SO53607
SO53607
SO53607
SO53608
SO53608
SO53608
SO53608
SO53608
SO53608
SO53608
SO53608
SO53608
SO53608
SO53608
SO53608
SO53608
SO53608
SO53608
SO53608
SO53608
SO53609
SO53609
SO53609
SO53609
SO53609
SO53609
SO53610
SO53610
SO53611
SO53611
SO53611
SO53611
SO53611
SO53611
SO53611
SO53611
SO53611
SO53611
SO53611
SO53611
SO53611
SO53611
SO53611
SO53611
SO53611
SO53612
SO53612
SO53612
SO53612
SO53613
SO53613
SO53613
SO53613
SO53613
SO53613
SO53613
SO53613
SO53613
SO53613
SO53613
SO53613
SO53613
SO53613
SO53613
SO53613
SO53613
SO53613
SO53613
SO53613
SO53613
SO53613
SO53613
SO53613
SO53613
SO53613
SO53613
SO53613
SO53613
SO53613
SO53613
SO53613
SO53613
SO53613
SO53613
SO53613
SO53613
SO53613
SO53613
SO53613
SO53613
SO53613
SO53613
SO53613
SO53613
SO53613
SO53613
SO53613
SO53613
SO53613
SO53614
SO53614
SO53614
SO53614
SO53614
SO53614
SO53614
SO53614
SO53614
SO53614
SO53614
SO53614
SO53614
SO53614
SO53614
SO53614
SO53614
SO53614
SO53614
SO53614
SO53614
SO53614
SO53614
SO53614
SO53614
SO53614
SO53614
SO53614
SO53614
SO53614
SO53614
SO53614
SO53614
SO53614
SO53614
SO53614
SO53614
SO53614
SO53614
SO53614
SO53614
SO53614
SO53614
SO53614
SO53614
SO53614
SO53615
SO53615
SO53615
SO53615
SO53615
SO53615
SO53615
SO53615
SO53615
SO53615
SO53615
SO53615
SO53615
SO53615
SO53615
SO53615
SO53615
SO53615
SO53615
SO53615
SO53615
SO53615
SO53615
SO53615
SO53615
SO53615
SO53615
SO53615
SO53615
SO53615
SO53615
SO53615
SO53615
SO53615
SO53615
SO53615
SO53615
SO53615
SO53615
SO53615
SO53615
SO53615
SO53615
SO53615
SO53615
SO53615
SO53615
SO53615
SO53615
SO53616
SO53616
SO53616
SO53616
SO53616
SO53616
SO53616
SO53616
SO53616
SO53616
SO53616
SO53616
SO53616
SO53616
SO53616
SO53616
SO53616
SO53616
SO53616
SO53616
SO53616
SO53616
SO53616
SO53616
SO53616
SO53616
SO53616
SO53616
SO53616
SO53616
SO53616
SO53616
SO53616
SO53616
SO53616
SO53616
SO53616
SO53616
SO53616
SO53616
SO53616
SO53616
SO53616
SO53616
SO53616
SO53616
SO53616
SO53616
SO53617
SO53618
SO53618
SO53618
SO53618
SO53618
SO53619
SO53619
SO53619
SO53620
SO53620
SO53620
SO53620
SO53621
SO53621
SO53621
SO53621
SO53621
SO53621
SO53621
SO53621
SO53621
SO53621
SO53621
SO53621
SO53621
SO53621
SO53621
SO53621
SO53621
SO53621
SO53621
SO53621
SO53621
SO53621
SO53621
SO53621
SO53621
SO53621
SO53621
SO53621
SO53621
SO53621
SO53621
SO53621
SO53621
SO53621
SO53621
SO53621
SO53621
SO53621
SO53621
SO53621
SO53621
SO53621
SO53621
SO53621
SO53621
SO53621
SO53621
SO53621
SO53621
SO53621
SO53621
SO53621
SO53621
SO53621
SO53622
SO53623
SO53623
SO53623
SO53623
SO53623
SO53623
SO53623
SO53623
SO53623
SO53623
SO53623
SO53623
SO53623
SO53623
SO53623
SO53623
SO53623
SO53623
SO53623
SO53623
SO53623
SO53623
SO53624
SO53624
SO53625
SO53625
SO53625
SO53625
SO53625
SO53625
SO53625
SO55233
SO55233
SO55233
SO55233
SO55233
SO55233
SO55233
SO55233
SO55233
SO55233
SO55233
SO55233
SO55233
SO55233
SO55233
SO55233
SO55233
SO55233
SO55233
SO55233
SO55233
SO55233
SO55233
SO55233
SO55233
SO55234
SO55234
SO55234
SO55234
SO55234
SO55234
SO55234
SO55234
SO55234
SO55234
SO55234
SO55234
SO55234
SO55234
SO55234
SO55234
SO55234
SO55234
SO55234
SO55234
SO55234
SO55234
SO55234
SO55234
SO55234
SO55234
SO55234
SO55234
SO55234
SO55234
SO55234
SO55234
SO55234
SO55234
SO55234
SO55234
SO55234
SO55234
SO55234
SO55234
SO55234
SO55234
SO55234
SO55234
SO55234
SO55234
SO55235
SO55235
SO55236
SO55236
SO55236
SO55236
SO55236
SO55236
SO55236
SO55236
SO55236
SO55236
SO55236
SO55236
SO55236
SO55236
SO55236
SO55236
SO55236
SO55236
SO55236
SO55236
SO55236
SO55236
SO55236
SO55236
SO55236
SO55237
SO55238
SO55238
SO55238
SO55238
SO55238
SO55238
SO55238
SO55238
SO55238
SO55238
SO55238
SO55238
SO55238
SO55238
SO55238
SO55238
SO55238
SO55238
SO55239
SO55239
SO55239
SO55239
SO55239
SO55239
SO55239
SO55239
SO55239
SO55239
SO55239
SO55239
SO55239
SO55239
SO55239
SO55239
SO55239
SO55239
SO55239
SO55239
SO55239
SO55239
SO55239
SO55239
SO55239
SO55239
SO55239
SO55239
SO55239
SO55239
SO55239
SO55239
SO55240
SO55240
SO55241
SO55241
SO55241
SO55241
SO55241
SO55241
SO55241
SO55241
SO55241
SO55241
SO55241
SO55241
SO55241
SO55241
SO55241
SO55241
SO55241
SO55241
SO55241
SO55241
SO55241
SO55241
SO55241
SO55241
SO55241
SO55241
SO55241
SO55241
SO55241
SO55241
SO55241
SO55241
SO55241
SO55241
SO55241
SO55241
SO55242
SO55242
SO55242
SO55242
SO55242
SO55242
SO55242
SO55243
SO55243
SO55243
SO55243
SO55243
SO55243
SO55243
SO55243
SO55243
SO55243
SO55243
SO55243
SO55243
SO55243
SO55243
SO55243
SO55243
SO55243
SO55243
SO55243
SO55243
SO55243
SO55243
SO55243
SO55243
SO55243
SO55243
SO55243
SO55243
SO55243
SO55243
SO55243
SO55243
SO55243
SO55243
SO55243
SO55243
SO55243
SO55243
SO55243
SO55243
SO55243
SO55244
SO55244
SO55244
SO55244
SO55244
SO55245
SO55245
SO55245
SO55245
SO55245
SO55245
SO55245
SO55245
SO55245
SO55245
SO55245
SO55245
SO55245
SO55245
SO55245
SO55245
SO55245
SO55245
SO55245
SO55245
SO55245
SO55245
SO55245
SO55245
SO55245
SO55245
SO55245
SO55246
SO55247
SO55247
SO55247
SO55247
SO55247
SO55248
SO55248
SO55248
SO55248
SO55248
SO55248
SO55248
SO55248
SO55248
SO55248
SO55248
SO55248
SO55248
SO55248
SO55248
SO55248
SO55248
SO55248
SO55248
SO55248
SO55248
SO55248
SO55248
SO55248
SO55248
SO55248
SO55248
SO55248
SO55248
SO55248
SO55248
SO55248
SO55248
SO55248
SO55248
SO55248
SO55248
SO55249
SO55249
SO55249
SO55249
SO55249
SO55249
SO55249
SO55249
SO55249
SO55249
SO55249
SO55249
SO55249
SO55249
SO55249
SO55249
SO55249
SO55249
SO55249
SO55249
SO55249
SO55249
SO55249
SO55249
SO55249
SO55249
SO55249
SO55249
SO55249
SO55249
SO55249
SO55249
SO55249
SO55249
SO55249
SO55249
SO55249
SO55249
SO55249
SO55249
SO55249
SO55249
SO55249
SO55249
SO55249
SO55249
SO55249
SO55249
SO55249
SO55249
SO55249
SO55249
SO55249
SO55249
SO55249
SO55249
SO55249
SO55249
SO55249
SO55249
SO55249
SO55250
SO55250
SO55250
SO55250
SO55250
SO55251
SO55251
SO55251
SO55251
SO55251
SO55251
SO55251
SO55251
SO55251
SO55251
SO55251
SO55251
SO55251
SO55251
SO55251
SO55251
SO55251
SO55251
SO55251
SO55251
SO55251
SO55251
SO55251
SO55251
SO55251
SO55251
SO55251
SO55251
SO55251
SO55251
SO55252
SO55252
SO55252
SO55252
SO55252
SO55252
SO55252
SO55252
SO55252
SO55252
SO55252
SO55252
SO55252
SO55252
SO55252
SO55252
SO55252
SO55252
SO55252
SO55252
SO55252
SO55252
SO55252
SO55252
SO55252
SO55252
SO55252
SO55252
SO55252
SO55252
SO55252
SO55252
SO55252
SO55252
SO55252
SO55252
SO55252
SO55252
SO55252
SO55252
SO55252
SO55252
SO55252
SO55252
SO55252
SO55252
SO55252
SO55252
SO55253
SO55253
SO55253
SO55253
SO55253
SO55253
SO55253
SO55253
SO55253
SO55253
SO55253
SO55253
SO55253
SO55253
SO55253
SO55253
SO55253
SO55253
SO55253
SO55253
SO55253
SO55253
SO55253
SO55253
SO55253
SO55253
SO55253
SO55253
SO55253
SO55253
SO55253
SO55253
SO55253
SO55253
SO55253
SO55253
SO55253
SO55253
SO55253
SO55253
SO55253
SO55253
SO55253
SO55253
SO55253
SO55253
SO55253
SO55253
SO55254
SO55254
SO55254
SO55254
SO55254
SO55254
SO55254
SO55254
SO55254
SO55254
SO55254
SO55254
SO55254
SO55254
SO55254
SO55254
SO55254
SO55254
SO55254
SO55254
SO55254
SO55254
SO55254
SO55254
SO55254
SO55254
SO55254
SO55254
SO55254
SO55254
SO55254
SO55254
SO55254
SO55254
SO55254
SO55254
SO55254
SO55254
SO55254
SO55254
SO55254
SO55254
SO55254
SO55255
SO55255
SO55255
SO55256
SO55256
SO55256
SO55256
SO55256
SO55256
SO55256
SO55256
SO55256
SO55256
SO55256
SO55256
SO55256
SO55256
SO55256
SO55256
SO55256
SO55256
SO55256
SO55256
SO55256
SO55256
SO55256
SO55256
SO55256
SO55256
SO55256
SO55256
SO55256
SO55257
SO55257
SO55257
SO55257
SO55257
SO55257
SO55257
SO55257
SO55257
SO55257
SO55257
SO55257
SO55257
SO55257
SO55257
SO55257
SO55257
SO55257
SO55257
SO55257
SO55257
SO55257
SO55257
SO55257
SO55258
SO55258
SO55258
SO55258
SO55258
SO55258
SO55258
SO55258
SO55258
SO55259
SO55259
SO55259
SO55259
SO55259
SO55259
SO55259
SO55259
SO55259
SO55259
SO55259
SO55259
SO55259
SO55259
SO55259
SO55259
SO55259
SO55259
SO55259
SO55259
SO55259
SO55259
SO55259
SO55259
SO55260
SO55260
SO55260
SO55260
SO55260
SO55260
SO55260
SO55260
SO55261
SO55261
SO55261
SO55261
SO55261
SO55261
SO55261
SO55261
SO55261
SO55261
SO55261
SO55261
SO55261
SO55261
SO55261
SO55261
SO55261
SO55261
SO55261
SO55261
SO55261
SO55261
SO55261
SO55261
SO55261
SO55261
SO55261
SO55261
SO55261
SO55261
SO55261
SO55261
SO55262
SO55262
SO55263
SO55263
SO55263
SO55263
SO55263
SO55263
SO55263
SO55263
SO55263
SO55263
SO55263
SO55263
SO55263
SO55263
SO55264
SO55264
SO55264
SO55264
SO55264
SO55264
SO55264
SO55264
SO55264
SO55264
SO55264
SO55264
SO55264
SO55264
SO55264
SO55264
SO55264
SO55264
SO55264
SO55264
SO55264
SO55264
SO55264
SO55264
SO55264
SO55264
SO55264
SO55264
SO55264
SO55264
SO55264
SO55264
SO55264
SO55264
SO55264
SO55264
SO55264
SO55264
SO55264
SO55264
SO55264
SO55264
SO55264
SO55264
SO55264
SO55265
SO55265
SO55265
SO55265
SO55265
SO55265
SO55265
SO55265
SO55265
SO55265
SO55265
SO55265
SO55265
SO55266
SO55266
SO55266
SO55266
SO55266
SO55266
SO55266
SO55266
SO55266
SO55266
SO55266
SO55266
SO55266
SO55267
SO55268
SO55268
SO55268
SO55268
SO55268
SO55268
SO55268
SO55268
SO55268
SO55268
SO55268
SO55268
SO55268
SO55268
SO55268
SO55268
SO55268
SO55268
SO55268
SO55268
SO55268
SO55268
SO55268
SO55268
SO55268
SO55268
SO55268
SO55268
SO55268
SO55268
SO55268
SO55268
SO55268
SO55268
SO55268
SO55268
SO55268
SO55268
SO55268
SO55268
SO55268
SO55268
SO55268
SO55268
SO55268
SO55268
SO55268
SO55268
SO55268
SO55268
SO55268
SO55268
SO55268
SO55268
SO55268
SO55268
SO55268
SO55268
SO55268
SO55269
SO55269
SO55269
SO55269
SO55269
SO55269
SO55269
SO55269
SO55269
SO55269
SO55269
SO55269
SO55269
SO55269
SO55269
SO55269
SO55269
SO55269
SO55269
SO55269
SO55269
SO55269
SO55269
SO55269
SO55269
SO55269
SO55269
SO55269
SO55269
SO55269
SO55269
SO55269
SO55269
SO55269
SO55269
SO55269
SO55269
SO55269
SO55270
SO55270
SO55270
SO55270
SO55270
SO55270
SO55270
SO55270
SO55270
SO55271
SO55271
SO55271
SO55272
SO55272
SO55273
SO55274
SO55275
SO55275
SO55275
SO55275
SO55275
SO55275
SO55275
SO55275
SO55275
SO55275
SO55275
SO55275
SO55275
SO55275
SO55275
SO55275
SO55275
SO55275
SO55275
SO55275
SO55275
SO55275
SO55275
SO55275
SO55275
SO55275
SO55275
SO55275
SO55275
SO55275
SO55275
SO55275
SO55275
SO55275
SO55275
SO55275
SO55276
SO55276
SO55276
SO55276
SO55276
SO55276
SO55276
SO55276
SO55276
SO55276
SO55276
SO55276
SO55276
SO55276
SO55276
SO55276
SO55276
SO55276
SO55276
SO55276
SO55276
SO55276
SO55276
SO55276
SO55276
SO55276
SO55276
SO55277
SO55277
SO55277
SO55277
SO55277
SO55277
SO55277
SO55277
SO55277
SO55277
SO55277
SO55277
SO55277
SO55277
SO55277
SO55277
SO55277
SO55277
SO55277
SO55277
SO55277
SO55277
SO55277
SO55277
SO55277
SO55277
SO55277
SO55277
SO55278
SO55278
SO55278
SO55278
SO55278
SO55279
SO55280
SO55280
SO55280
SO55280
SO55280
SO55280
SO55280
SO55280
SO55280
SO55280
SO55280
SO55280
SO55280
SO55280
SO55280
SO55280
SO55280
SO55280
SO55280
SO55280
SO55280
SO55280
SO55280
SO55280
SO55280
SO55280
SO55280
SO55280
SO55280
SO55281
SO55281
SO55282
SO55282
SO55282
SO55282
SO55282
SO55282
SO55282
SO55282
SO55282
SO55282
SO55282
SO55282
SO55282
SO55282
SO55282
SO55282
SO55282
SO55282
SO55282
SO55282
SO55282
SO55282
SO55282
SO55282
SO55282
SO55282
SO55282
SO55282
SO55282
SO55282
SO55282
SO55282
SO55282
SO55282
SO55282
SO55282
SO55282
SO55282
SO55282
SO55282
SO55282
SO55282
SO55282
SO55282
SO55282
SO55282
SO55282
SO55282
SO55282
SO55282
SO55282
SO55283
SO55283
SO55283
SO55283
SO55283
SO55283
SO55283
SO55283
SO55283
SO55283
SO55283
SO55283
SO55283
SO55283
SO55283
SO55283
SO55283
SO55283
SO55283
SO55283
SO55283
SO55283
SO55283
SO55283
SO55283
SO55283
SO55283
SO55283
SO55283
SO55283
SO55283
SO55283
SO55283
SO55283
SO55283
SO55283
SO55283
SO55283
SO55284
SO55284
SO55284
SO55285
SO55285
SO55286
SO55286
SO55286
SO55286
SO55286
SO55286
SO55287
SO55287
SO55287
SO55287
SO55287
SO55287
SO55287
SO55287
SO55287
SO55287
SO55287
SO55287
SO55287
SO55287
SO55287
SO55287
SO55287
SO55287
SO55287
SO55287
SO55287
SO55287
SO55287
SO55287
SO55287
SO55287
SO55287
SO55287
SO55287
SO55287
SO55287
SO55287
SO55288
SO55288
SO55288
SO55288
SO55288
SO55288
SO55288
SO55289
SO55290
SO55290
SO55291
SO55291
SO55291
SO55291
SO55291
SO55291
SO55291
SO55291
SO55291
SO55291
SO55291
SO55291
SO55291
SO55291
SO55291
SO55291
SO55291
SO55291
SO55292
SO55293
SO55293
SO55293
SO55293
SO55293
SO55293
SO55293
SO55293
SO55293
SO55293
SO55293
SO55294
SO55294
SO55294
SO55294
SO55294
SO55294
SO55294
SO55294
SO55294
SO55294
SO55294
SO55294
SO55294
SO55294
SO55294
SO55294
SO55294
SO55294
SO55294
SO55294
SO55294
SO55294
SO55294
SO55294
SO55294
SO55294
SO55294
SO55294
SO55294
SO55294
SO55294
SO55294
SO55294
SO55294
SO55294
SO55294
SO55294
SO55294
SO55294
SO55294
SO55294
SO55295
SO55295
SO55295
SO55295
SO55295
SO55295
SO55295
SO55295
SO55295
SO55295
SO55295
SO55295
SO55296
SO55296
SO55296
SO55297
SO55297
SO55297
SO55297
SO55297
SO55297
SO55297
SO55297
SO55297
SO55297
SO55297
SO55297
SO55297
SO55297
SO55297
SO55297
SO55297
SO55297
SO55297
SO55297
SO55297
SO55297
SO55297
SO55297
SO55297
SO55297
SO55297
SO55297
SO55297
SO55297
SO55297
SO55297
SO55297
SO55297
SO55297
SO55297
SO55297
SO55297
SO55297
SO55297
SO55297
SO55297
SO55297
SO55297
SO55297
SO55297
SO55297
SO55297
SO55297
SO55297
SO55297
SO55297
SO55297
SO55297
SO55297
SO55297
SO55297
SO55297
SO55297
SO55297
SO55297
SO55297
SO55297
SO55297
SO55297
SO55297
SO55298
SO55298
SO55298
SO55299
SO55299
SO55299
SO55299
SO55299
SO55299
SO55299
SO55299
SO55299
SO55299
SO55299
SO55299
SO55299
SO55299
SO55299
SO55299
SO55299
SO55299
SO55299
SO55299
SO55299
SO55299
SO55299
SO55299
SO55299
SO55299
SO55299
SO55299
SO55299
SO55299
SO55299
SO55299
SO55299
SO55299
SO55299
SO55299
SO55300
SO55300
SO55300
SO55300
SO55300
SO55300
SO55300
SO55300
SO55300
SO55300
SO55300
SO55300
SO55300
SO55300
SO55300
SO55300
SO55300
SO55300
SO55300
SO55300
SO55300
SO55300
SO55300
SO55300
SO55300
SO55300
SO55300
SO55300
SO55301
SO55301
SO55301
SO55301
SO55301
SO55301
SO55301
SO55301
SO55301
SO55301
SO55301
SO55301
SO55301
SO55301
SO55301
SO55301
SO55301
SO55301
SO55301
SO55301
SO55301
SO55301
SO55301
SO55301
SO55301
SO55301
SO55301
SO55301
SO55301
SO55301
SO55301
SO55301
SO55301
SO55301
SO55301
SO55301
SO55301
SO55301
SO55301
SO55301
SO55301
SO55301
SO55301
SO55301
SO55301
SO55301
SO55301
SO55301
SO55301
SO55301
SO55301
SO55301
SO55301
SO55301
SO55301
SO55301
SO55301
SO55302
SO55302
SO55302
SO55302
SO55302
SO55302
SO55302
SO55302
SO55302
SO55302
SO55302
SO55302
SO55302
SO55302
SO55303
SO55303
SO55303
SO55303
SO55303
SO55303
SO55303
SO55303
SO55303
SO55303
SO55303
SO55303
SO55303
SO55303
SO55303
SO55303
SO55303
SO55303
SO55303
SO55303
SO55303
SO55303
SO55303
SO55303
SO55303
SO55304
SO55305
SO55305
SO55305
SO55305
SO55305
SO55305
SO55305
SO55305
SO55305
SO55305
SO55305
SO55305
SO55305
SO55305
SO55305
SO55305
SO55305
SO55305
SO55305
SO55306
SO55306
SO55306
SO55306
SO55307
SO55307
SO55307
SO55307
SO55307
SO55307
SO55307
SO55307
SO55307
SO55307
SO55307
SO55308
SO55308
SO55308
SO55308
SO55309
SO55309
SO55309
SO55309
SO55309
SO55309
SO55309
SO55309
SO55309
SO55309
SO55309
SO55309
SO55309
SO55309
SO55309
SO55309
SO55309
SO55309
SO55309
SO55309
SO55309
SO55309
SO55309
SO55309
SO55309
SO55309
SO55309
SO55309
SO55309
SO55309
SO55309
SO55309
SO55309
SO55309
SO55309
SO55309
SO55310
SO55310
SO55310
SO55310
SO55310
SO55310
SO55310
SO55310
SO55310
SO55310
SO55311
SO55311
SO55311
SO55311
SO55311
SO55311
SO55311
SO55311
SO55311
SO55311
SO55311
SO55311
SO55311
SO55311
SO55311
SO55311
SO55311
SO55311
SO55311
SO55311
SO55311
SO55311
SO55311
SO55311
SO55311
SO55311
SO55311
SO55311
SO55311
SO55311
SO55312
SO55312
SO55313
SO55313
SO55313
SO55313
SO55313
SO55313
SO55313
SO55314
SO55314
SO55314
SO55314
SO55314
SO55315
SO55315
SO55316
SO55317
SO55317
SO55318
SO55318
SO55319
SO55320
SO55320
SO55320
SO55321
SO55322
SO55322
SO55322
SO55322
SO55322
SO55322
SO55322
SO55322
SO55322
SO55322
SO55322
SO55322
SO55322
SO55322
SO55322
SO55322
SO55322
SO55322
SO55322
SO55322
SO55322
SO55322
SO55322
SO55322
SO55322
SO55322
SO55322
SO55322
SO55322
SO55322
SO55322
SO55322
SO55322
SO55322
SO55323
SO55323
SO55323
SO55323
SO55323
SO55323
SO55323
SO55323
SO55323
SO55323
SO55323
SO55323
SO55323
SO55323
SO55323
SO55323
SO55323
SO55323
SO55323
SO55323
SO55323
SO55323
SO55323
SO55323
SO55323
SO55323
SO55323
SO55323
SO55323
SO55323
SO55323
SO55323
SO55323
SO55323
SO55323
SO55323
SO55323
SO55323
SO55323
SO55324
SO55324
SO55324
SO55324
SO55324
SO55324
SO55324
SO55324
SO55324
SO55324
SO55324
SO55324
SO55324
SO55324
SO55324
SO55324
SO55324
SO55324
SO55324
SO55324
SO55324
SO55324
SO55324
SO55324
SO55324
SO55324
SO55324
SO55324
SO55324
SO55324
SO55324
SO55324
SO55324
SO55324
SO55324
SO55324
SO55324
SO55324
SO55325
SO55325
SO55325
SO55325
SO55325
SO55325
SO55325
SO55325
SO55325
SO55325
SO55325
SO55325
SO55325
SO55325
SO55325
SO55325
SO55325
SO55326
SO55326
SO55326
SO55326
SO55326
SO55327
SO55328
SO55328
SO55328
SO55328
SO55328
SO55328
SO55328
SO55328
SO55328
SO55328
SO55328
SO55328
SO55328
SO55328
SO55328
SO55328
SO55328
SO55328
SO55328
SO55328
SO55328
SO55328
SO55328
SO55328
SO55328
SO55328
SO55328
SO55328
SO55328
SO55328
SO55328
SO55328
SO55328
SO55328
SO55328
SO55328
SO55328
SO55328
SO55328
SO55328
SO55328
SO55329
SO55330
SO55330
SO55330
SO55330
SO55331
SO55331
SO55331
SO55331
SO55331
SO55331
SO55331
SO55331
SO55331
SO55331
SO55331
SO55331
SO55331
SO55331
SO55331
SO55331
SO55331
SO55331
SO55331
SO55331
SO55331
SO55331
SO55331
SO55331
SO55331
SO55331
SO55331
SO55331
SO57012
SO57012
SO57012
SO57012
SO57012
SO57012
SO57012
SO57012
SO57012
SO57012
SO57012
SO57012
SO57012
SO57012
SO57012
SO57012
SO57012
SO57012
SO57012
SO57012
SO57012
SO57012
SO57012
SO57012
SO57012
SO57012
SO57012
SO57012
SO57012
SO57012
SO57012
SO57012
SO57012
SO57012
SO57012
SO57012
SO57012
SO57012
SO57012
SO57012
SO57012
SO57012
SO57012
SO57012
SO57012
SO57012
SO57012
SO57012
SO57012
SO57013
SO57013
SO57013
SO57013
SO57013
SO57014
SO57015
SO57015
SO57015
SO57015
SO57015
SO57015
SO57015
SO57015
SO57015
SO57015
SO57015
SO57015
SO57015
SO57015
SO57015
SO57015
SO57015
SO57015
SO57015
SO57015
SO57015
SO57015
SO57015
SO57015
SO57015
SO57015
SO57015
SO57015
SO57015
SO57015
SO57015
SO57015
SO57015
SO57015
SO57015
SO57016
SO57016
SO57016
SO57016
SO57016
SO57016
SO57016
SO57016
SO57016
SO57016
SO57016
SO57016
SO57016
SO57016
SO57017
SO57017
SO57017
SO57017
SO57017
SO57017
SO57017
SO57017
SO57017
SO57017
SO57017
SO57017
SO57017
SO57017
SO57017
SO57017
SO57017
SO57017
SO57017
SO57017
SO57017
SO57017
SO57018
SO57018
SO57019
SO57019
SO57019
SO57019
SO57019
SO57019
SO57019
SO57019
SO57019
SO57019
SO57019
SO57019
SO57019
SO57019
SO57019
SO57019
SO57019
SO57019
SO57019
SO57019
SO57019
SO57019
SO57019
SO57019
SO57020
SO57021
SO57021
SO57021
SO57021
SO57022
SO57022
SO57022
SO57022
SO57022
SO57022
SO57022
SO57022
SO57022
SO57022
SO57022
SO57022
SO57022
SO57022
SO57022
SO57023
SO57023
SO57023
SO57023
SO57023
SO57023
SO57023
SO57023
SO57023
SO57023
SO57023
SO57023
SO57023
SO57023
SO57023
SO57023
SO57023
SO57023
SO57023
SO57023
SO57023
SO57023
SO57023
SO57023
SO57023
SO57023
SO57023
SO57023
SO57023
SO57023
SO57023
SO57023
SO57024
SO57024
SO57024
SO57024
SO57024
SO57024
SO57024
SO57024
SO57024
SO57024
SO57024
SO57024
SO57024
SO57024
SO57024
SO57024
SO57024
SO57024
SO57024
SO57024
SO57024
SO57024
SO57024
SO57024
SO57024
SO57024
SO57024
SO57024
SO57024
SO57024
SO57024
SO57024
SO57024
SO57024
SO57024
SO57024
SO57024
SO57025
SO57026
SO57026
SO57026
SO57026
SO57026
SO57026
SO57026
SO57026
SO57026
SO57026
SO57026
SO57026
SO57026
SO57026
SO57026
SO57026
SO57026
SO57026
SO57026
SO57026
SO57026
SO57026
SO57026
SO57026
SO57026
SO57026
SO57026
SO57026
SO57026
SO57026
SO57026
SO57026
SO57026
SO57026
SO57026
SO57026
SO57026
SO57026
SO57026
SO57026
SO57026
SO57026
SO57026
SO57026
SO57027
SO57027
SO57027
SO57027
SO57027
SO57027
SO57027
SO57027
SO57028
SO57028
SO57028
SO57028
SO57028
SO57028
SO57028
SO57028
SO57028
SO57029
SO57029
SO57029
SO57029
SO57029
SO57029
SO57029
SO57029
SO57029
SO57029
SO57029
SO57030
SO57030
SO57030
SO57030
SO57030
SO57030
SO57030
SO57030
SO57030
SO57030
SO57030
SO57030
SO57030
SO57030
SO57030
SO57030
SO57030
SO57030
SO57030
SO57030
SO57030
SO57030
SO57030
SO57030
SO57030
SO57030
SO57030
SO57030
SO57030
SO57030
SO57030
SO57030
SO57030
SO57030
SO57030
SO57030
SO57030
SO57030
SO57030
SO57030
SO57030
SO57030
SO57030
SO57030
SO57030
SO57030
SO57030
SO57031
SO57031
SO57032
SO57032
SO57032
SO57032
SO57032
SO57032
SO57032
SO57032
SO57032
SO57032
SO57032
SO57032
SO57033
SO57034
SO57034
SO57034
SO57034
SO57034
SO57034
SO57034
SO57034
SO57034
SO57034
SO57034
SO57034
SO57034
SO57034
SO57034
SO57034
SO57034
SO57034
SO57034
SO57034
SO57034
SO57034
SO57034
SO57034
SO57034
SO57034
SO57034
SO57034
SO57034
SO57034
SO57034
SO57034
SO57034
SO57034
SO57034
SO57034
SO57034
SO57034
SO57034
SO57034
SO57034
SO57035
SO57035
SO57035
SO57035
SO57035
SO57035
SO57035
SO57035
SO57035
SO57035
SO57035
SO57035
SO57035
SO57036
SO57036
SO57036
SO57036
SO57036
SO57036
SO57036
SO57036
SO57036
SO57036
SO57036
SO57036
SO57036
SO57036
SO57036
SO57036
SO57036
SO57036
SO57036
SO57036
SO57036
SO57036
SO57036
SO57036
SO57036
SO57036
SO57036
SO57037
SO57037
SO57037
SO57037
SO57037
SO57037
SO57037
SO57037
SO57037
SO57037
SO57037
SO57037
SO57037
SO57037
SO57037
SO57037
SO57037
SO57037
SO57037
SO57037
SO57037
SO57037
SO57037
SO57037
SO57037
SO57037
SO57037
SO57037
SO57037
SO57037
SO57037
SO57037
SO57037
SO57037
SO57037
SO57037
SO57037
SO57037
SO57037
SO57037
SO57038
SO57038
SO57038
SO57038
SO57038
SO57038
SO57038
SO57038
SO57039
SO57039
SO57039
SO57039
SO57039
SO57039
SO57039
SO57039
SO57039
SO57039
SO57040
SO57040
SO57040
SO57040
SO57040
SO57041
SO57041
SO57041
SO57041
SO57041
SO57041
SO57041
SO57041
SO57041
SO57041
SO57041
SO57041
SO57041
SO57041
SO57041
SO57041
SO57041
SO57041
SO57041
SO57041
SO57042
SO57042
SO57042
SO57042
SO57042
SO57042
SO57042
SO57042
SO57042
SO57042
SO57042
SO57042
SO57042
SO57042
SO57042
SO57042
SO57042
SO57042
SO57042
SO57042
SO57042
SO57042
SO57042
SO57042
SO57042
SO57042
SO57043
SO57043
SO57043
SO57043
SO57043
SO57043
SO57043
SO57043
SO57044
SO57044
SO57044
SO57044
SO57044
SO57044
SO57044
SO57044
SO57045
SO57045
SO57045
SO57045
SO57045
SO57045
SO57045
SO57045
SO57045
SO57045
SO57045
SO57045
SO57045
SO57045
SO57045
SO57045
SO57045
SO57045
SO57045
SO57045
SO57046
SO57046
SO57046
SO57046
SO57046
SO57046
SO57046
SO57046
SO57046
SO57046
SO57046
SO57046
SO57046
SO57046
SO57046
SO57046
SO57046
SO57046
SO57046
SO57046
SO57046
SO57046
SO57046
SO57046
SO57046
SO57046
SO57046
SO57046
SO57046
SO57046
SO57046
SO57046
SO57046
SO57046
SO57046
SO57046
SO57046
SO57046
SO57046
SO57046
SO57046
SO57046
SO57046
SO57046
SO57046
SO57046
SO57046
SO57046
SO57046
SO57046
SO57046
SO57046
SO57046
SO57046
SO57046
SO57046
SO57046
SO57046
SO57046
SO57046
SO57046
SO57046
SO57046
SO57046
SO57046
SO57046
SO57046
SO57047
SO57048
SO57049
SO57049
SO57050
SO57050
SO57050
SO57051
SO57051
SO57051
SO57051
SO57051
SO57051
SO57051
SO57051
SO57051
SO57051
SO57051
SO57051
SO57051
SO57051
SO57051
SO57051
SO57051
SO57051
SO57051
SO57051
SO57051
SO57051
SO57051
SO57051
SO57051
SO57051
SO57051
SO57051
SO57051
SO57051
SO57051
SO57051
SO57051
SO57051
SO57051
SO57051
SO57051
SO57051
SO57051
SO57051
SO57051
SO57051
SO57051
SO57051
SO57051
SO57051
SO57052
SO57052
SO57052
SO57052
SO57052
SO57052
SO57052
SO57053
SO57053
SO57053
SO57053
SO57053
SO57053
SO57054
SO57054
SO57054
SO57054
SO57054
SO57054
SO57054
SO57054
SO57054
SO57054
SO57054
SO57054
SO57054
SO57054
SO57054
SO57054
SO57054
SO57054
SO57054
SO57054
SO57054
SO57054
SO57054
SO57054
SO57054
SO57054
SO57054
SO57054
SO57054
SO57054
SO57055
SO57055
SO57055
SO57055
SO57055
SO57055
SO57055
SO57055
SO57055
SO57055
SO57055
SO57055
SO57055
SO57055
SO57055
SO57055
SO57055
SO57055
SO57055
SO57055
SO57055
SO57055
SO57056
SO57056
SO57056
SO57056
SO57056
SO57056
SO57056
SO57057
SO57057
SO57057
SO57057
SO57057
SO57057
SO57057
SO57057
SO57058
SO57058
SO57058
SO57058
SO57058
SO57058
SO57058
SO57058
SO57058
SO57058
SO57058
SO57058
SO57058
SO57058
SO57058
SO57058
SO57058
SO57058
SO57058
SO57058
SO57058
SO57058
SO57058
SO57058
SO57058
SO57058
SO57058
SO57059
SO57059
SO57060
SO57060
SO57060
SO57060
SO57061
SO57061
SO57061
SO57061
SO57061
SO57061
SO57061
SO57061
SO57061
SO57061
SO57061
SO57061
SO57061
SO57061
SO57061
SO57061
SO57061
SO57061
SO57061
SO57061
SO57061
SO57061
SO57061
SO57061
SO57061
SO57061
SO57061
SO57061
SO57061
SO57061
SO57061
SO57061
SO57061
SO57061
SO57061
SO57061
SO57061
SO57061
SO57061
SO57061
SO57061
SO57061
SO57061
SO57061
SO57061
SO57061
SO57061
SO57061
SO57061
SO57061
SO57061
SO57061
SO57061
SO57061
SO57061
SO57061
SO57061
SO57061
SO57061
SO57061
SO57061
SO57061
SO57061
SO57061
SO57061
SO57062
SO57062
SO57062
SO57062
SO57062
SO57062
SO57062
SO57062
SO57062
SO57062
SO57062
SO57062
SO57062
SO57062
SO57062
SO57062
SO57062
SO57062
SO57062
SO57062
SO57062
SO57062
SO57062
SO57062
SO57063
SO57063
SO57063
SO57064
SO57064
SO57064
SO57064
SO57064
SO57064
SO57064
SO57064
SO57064
SO57064
SO57064
SO57065
SO57065
SO57065
SO57065
SO57065
SO57065
SO57065
SO57065
SO57065
SO57065
SO57065
SO57065
SO57065
SO57065
SO57065
SO57065
SO57065
SO57065
SO57065
SO57065
SO57065
SO57065
SO57065
SO57065
SO57065
SO57065
SO57065
SO57065
SO57065
SO57065
SO57065
SO57065
SO57065
SO57065
SO57065
SO57065
SO57065
SO57065
SO57065
SO57065
SO57065
SO57065
SO57065
SO57065
SO57065
SO57065
SO57065
SO57065
SO57065
SO57065
SO57065
SO57065
SO57065
SO57065
SO57065
SO57066
SO57066
SO57067
SO57067
SO57067
SO57067
SO57067
SO57067
SO57067
SO57067
SO57067
SO57067
SO57067
SO57067
SO57067
SO57067
SO57067
SO57067
SO57067
SO57067
SO57067
SO57067
SO57067
SO57067
SO57067
SO57067
SO57067
SO57067
SO57067
SO57067
SO57067
SO57067
SO57067
SO57067
SO57067
SO57067
SO57067
SO57067
SO57067
SO57067
SO57067
SO57067
SO57067
SO57067
SO57067
SO57067
SO57067
SO57067
SO57067
SO57067
SO57067
SO57067
SO57067
SO57067
SO57067
SO57067
SO57067
SO57067
SO57067
SO57067
SO57068
SO57068
SO57068
SO57068
SO57068
SO57068
SO57068
SO57068
SO57068
SO57068
SO57068
SO57068
SO57068
SO57068
SO57068
SO57068
SO57068
SO57068
SO57068
SO57068
SO57068
SO57068
SO57068
SO57068
SO57068
SO57068
SO57068
SO57068
SO57068
SO57068
SO57068
SO57068
SO57068
SO57068
SO57068
SO57068
SO57068
SO57068
SO57068
SO57069
SO57069
SO57069
SO57069
SO57069
SO57069
SO57069
SO57069
SO57069
SO57069
SO57069
SO57070
SO57070
SO57070
SO57070
SO57070
SO57070
SO57070
SO57070
SO57070
SO57070
SO57070
SO57070
SO57071
SO57071
SO57071
SO57072
SO57072
SO57072
SO57072
SO57073
SO57073
SO57073
SO57073
SO57074
SO57074
SO57074
SO57074
SO57074
SO57074
SO57074
SO57074
SO57074
SO57074
SO57074
SO57074
SO57074
SO57074
SO57074
SO57074
SO57074
SO57074
SO57074
SO57075
SO57075
SO57075
SO57075
SO57075
SO57075
SO57075
SO57075
SO57075
SO57075
SO57075
SO57075
SO57075
SO57075
SO57075
SO57075
SO57075
SO57075
SO57075
SO57075
SO57076
SO57076
SO57076
SO57076
SO57076
SO57076
SO57076
SO57076
SO57076
SO57076
SO57076
SO57076
SO57076
SO57076
SO57076
SO57076
SO57076
SO57076
SO57076
SO57076
SO57076
SO57077
SO57077
SO57077
SO57077
SO57077
SO57078
SO57079
SO57079
SO57079
SO57079
SO57079
SO57079
SO57079
SO57080
SO57080
SO57080
SO57080
SO57080
SO57080
SO57080
SO57080
SO57080
SO57080
SO57080
SO57080
SO57080
SO57080
SO57080
SO57080
SO57080
SO57080
SO57080
SO57080
SO57080
SO57080
SO57080
SO57080
SO57080
SO57080
SO57080
SO57080
SO57080
SO57080
SO57080
SO57080
SO57080
SO57080
SO57080
SO57080
SO57080
SO57080
SO57080
SO57080
SO57080
SO57080
SO57080
SO57080
SO57080
SO57080
SO57080
SO57080
SO57081
SO57081
SO57081
SO57081
SO57081
SO57082
SO57082
SO57082
SO57082
SO57082
SO57082
SO57082
SO57082
SO57082
SO57082
SO57082
SO57082
SO57082
SO57082
SO57082
SO57082
SO57082
SO57082
SO57082
SO57082
SO57083
SO57083
SO57083
SO57083
SO57083
SO57083
SO57083
SO57083
SO57083
SO57083
SO57083
SO57083
SO57083
SO57083
SO57083
SO57083
SO57083
SO57083
SO57083
SO57083
SO57083
SO57083
SO57083
SO57083
SO57083
SO57083
SO57083
SO57083
SO57083
SO57083
SO57083
SO57083
SO57083
SO57083
SO57084
SO57085
SO57085
SO57085
SO57085
SO57085
SO57085
SO57085
SO57085
SO57085
SO57085
SO57085
SO57085
SO57085
SO57085
SO57085
SO57085
SO57085
SO57085
SO57085
SO57085
SO57085
SO57085
SO57085
SO57085
SO57085
SO57085
SO57085
SO57085
SO57085
SO57085
SO57085
SO57085
SO57085
SO57085
SO57085
SO57085
SO57086
SO57086
SO57086
SO57086
SO57086
SO57086
SO57086
SO57086
SO57086
SO57086
SO57086
SO57086
SO57086
SO57086
SO57086
SO57086
SO57086
SO57086
SO57086
SO57086
SO57086
SO57086
SO57086
SO57086
SO57086
SO57086
SO57086
SO57086
SO57086
SO57086
SO57086
SO57086
SO57086
SO57086
SO57086
SO57086
SO57086
SO57086
SO57086
SO57086
SO57086
SO57086
SO57086
SO57086
SO57086
SO57086
SO57086
SO57086
SO57086
SO57086
SO57086
SO57086
SO57086
SO57086
SO57086
SO57086
SO57086
SO57086
SO57087
SO57087
SO57087
SO57087
SO57087
SO57087
SO57087
SO57087
SO57087
SO57087
SO57087
SO57087
SO57087
SO57087
SO57087
SO57087
SO57087
SO57087
SO57087
SO57087
SO57088
SO57088
SO57088
SO57088
SO57088
SO57088
SO57088
SO57088
SO57088
SO57088
SO57088
SO57088
SO57088
SO57088
SO57088
SO57088
SO57088
SO57088
SO57088
SO57088
SO57088
SO57088
SO57088
SO57088
SO57088
SO57088
SO57088
SO57088
SO57088
SO57088
SO57088
SO57088
SO57088
SO57088
SO57088
SO57088
SO57088
SO57089
SO57090
SO57091
SO57091
SO57091
SO57091
SO57091
SO57091
SO57091
SO57091
SO57091
SO57091
SO57092
SO57093
SO57093
SO57093
SO57093
SO57093
SO57093
SO57093
SO57093
SO57093
SO57093
SO57093
SO57093
SO57093
SO57093
SO57093
SO57093
SO57093
SO57093
SO57093
SO57093
SO57093
SO57093
SO57093
SO57093
SO57093
SO57093
SO57093
SO57093
SO57093
SO57093
SO57093
SO57093
SO57093
SO57093
SO57093
SO57093
SO57093
SO57093
SO57093
SO57093
SO57093
SO57094
SO57094
SO57094
SO57094
SO57095
SO57096
SO57097
SO57097
SO57097
SO57097
SO57097
SO57097
SO57097
SO57097
SO57097
SO57097
SO57097
SO57097
SO57097
SO57097
SO57097
SO57097
SO57097
SO57097
SO57097
SO57097
SO57097
SO57097
SO57097
SO57097
SO57097
SO57097
SO57097
SO57097
SO57097
SO57097
SO57097
SO57097
SO57097
SO57097
SO57097
SO57098
SO57098
SO57098
SO57098
SO57098
SO57098
SO57098
SO57098
SO57098
SO57098
SO57098
SO57098
SO57098
SO57098
SO57099
SO57099
SO57099
SO57099
SO57099
SO57099
SO57099
SO57099
SO57099
SO57099
SO57099
SO57099
SO57099
SO57099
SO57099
SO57099
SO57099
SO57099
SO57099
SO57099
SO57099
SO57099
SO57099
SO57099
SO57099
SO57099
SO57099
SO57099
SO57099
SO57099
SO57099
SO57099
SO57099
SO57099
SO57099
SO57099
SO57099
SO57099
SO57099
SO57099
SO57100
SO57100
SO57100
SO57100
SO57100
SO57100
SO57100
SO57100
SO57101
SO57101
SO57101
SO57101
SO57101
SO57102
SO57103
SO57103
SO57103
SO57103
SO57103
SO57103
SO57103
SO57103
SO57103
SO57103
SO57103
SO57103
SO57103
SO57103
SO57103
SO57103
SO57103
SO57104
SO57104
SO57104
SO57104
SO57104
SO57104
SO57104
SO57104
SO57104
SO57104
SO57104
SO57104
SO57105
SO57105
SO57105
SO57105
SO57105
SO57105
SO57105
SO57105
SO57105
SO57105
SO57105
SO57105
SO57105
SO57105
SO57105
SO57105
SO57105
SO57105
SO57105
SO57105
SO57105
SO57105
SO57105
SO57105
SO57105
SO57105
SO57105
SO57105
SO57105
SO57105
SO57105
SO57105
SO57105
SO57105
SO57105
SO57105
SO57105
SO57105
SO57105
SO57105
SO57105
SO57105
SO57106
SO57106
SO57106
SO57106
SO57106
SO57106
SO57107
SO57108
SO57109
SO57109
SO57109
SO57109
SO57110
SO57110
SO57110
SO57110
SO57111
SO57111
SO57111
SO57111
SO57112
SO57112
SO57112
SO57112
SO57113
SO57113
SO57113
SO57113
SO57114
SO57115
SO57116
SO57117
SO57118
SO57118
SO57118
SO57118
SO57118
SO57118
SO57118
SO57118
SO57118
SO57118
SO57118
SO57118
SO57118
SO57118
SO57118
SO57118
SO57118
SO57118
SO57118
SO57118
SO57118
SO57118
SO57118
SO57118
SO57118
SO57118
SO57118
SO57118
SO57118
SO57118
SO57118
SO57118
SO57118
SO57118
SO57118
SO57119
SO57119
SO57119
SO57119
SO57119
SO57119
SO57119
SO57119
SO57119
SO57119
SO57119
SO57119
SO57119
SO57119
SO57119
SO57120
SO57120
SO57120
SO57120
SO57120
SO57120
SO57120
SO57120
SO57120
SO57120
SO57120
SO57120
SO57120
SO57120
SO57120
SO57120
SO57120
SO57120
SO57120
SO57120
SO57120
SO57120
SO57120
SO57120
SO57120
SO57120
SO57120
SO57120
SO57120
SO57120
SO57120
SO57120
SO57120
SO57120
SO57120
SO57120
SO57120
SO57120
SO57120
SO57120
SO57120
SO57121
SO57121
SO57121
SO57121
SO57121
SO57121
SO57121
SO57121
SO57121
SO57121
SO57121
SO57121
SO57121
SO57121
SO57121
SO57121
SO57121
SO57121
SO57121
SO57121
SO57121
SO57121
SO57121
SO57121
SO57121
SO57121
SO57121
SO57121
SO57121
SO57121
SO57121
SO57121
SO57121
SO57121
SO57121
SO57121
SO57121
SO57121
SO57121
SO57122
SO57122
SO57122
SO57122
SO57122
SO57122
SO57122
SO57122
SO57122
SO57122
SO57122
SO57122
SO57122
SO57122
SO57122
SO57122
SO57122
SO57122
SO57122
SO57122
SO57122
SO57122
SO57122
SO57122
SO57122
SO57122
SO57122
SO57122
SO57122
SO57122
SO57122
SO57122
SO57122
SO57122
SO57122
SO57122
SO57123
SO57123
SO57123
SO57123
SO57124
SO57125
SO57125
SO57125
SO57125
SO57125
SO57125
SO57125
SO57125
SO57125
SO57125
SO57125
SO57125
SO57125
SO57125
SO57125
SO57125
SO57125
SO57125
SO57125
SO57125
SO57125
SO57125
SO57125
SO57125
SO57125
SO57126
SO57126
SO57126
SO57126
SO57126
SO57126
SO57126
SO57126
SO57126
SO57126
SO57126
SO57126
SO57126
SO57126
SO57126
SO57127
SO57127
SO57127
SO57127
SO57127
SO57127
SO57127
SO57127
SO57127
SO57127
SO57127
SO57127
SO57127
SO57127
SO57127
SO57127
SO57127
SO57128
SO57128
SO57128
SO57128
SO57128
SO57128
SO57128
SO57128
SO57128
SO57128
SO57128
SO57128
SO57128
SO57128
SO57128
SO57128
SO57128
SO57128
SO57128
SO57128
SO57128
SO57128
SO57128
SO57128
SO57128
SO57128
SO57128
SO57128
SO57128
SO57128
SO57128
SO57128
SO57128
SO57128
SO57128
SO57128
SO57128
SO57128
SO57128
SO57129
SO57129
SO57130
SO57130
SO57130
SO57130
SO57130
SO57130
SO57130
SO57130
SO57130
SO57130
SO57130
SO57130
SO57130
SO57130
SO57130
SO57130
SO57130
SO57130
SO57130
SO57130
SO57131
SO57131
SO57131
SO57131
SO57131
SO57131
SO57131
SO57131
SO57131
SO57131
SO57131
SO57131
SO57131
SO57131
SO57131
SO57131
SO57131
SO57131
SO57131
SO57131
SO57131
SO57131
SO57131
SO57131
SO57131
SO57132
SO57132
SO57132
SO57132
SO57132
SO57132
SO57132
SO57132
SO57132
SO57132
SO57132
SO57132
SO57132
SO57132
SO57132
SO57132
SO57132
SO57132
SO57132
SO57132
SO57132
SO57132
SO57132
SO57132
SO57132
SO57132
SO57132
SO57132
SO57132
SO57132
SO57132
SO57132
SO57132
SO57132
SO57132
SO57132
SO57133
SO57133
SO57133
SO57133
SO57133
SO57133
SO57133
SO57133
SO57133
SO57134
SO57134
SO57134
SO57134
SO57134
SO57134
SO57134
SO57134
SO57134
SO57134
SO57134
SO57134
SO57134
SO57134
SO57134
SO57134
SO57134
SO57134
SO57134
SO57134
SO57134
SO57134
SO57134
SO57135
SO57135
SO57135
SO57135
SO57135
SO57135
SO57136
SO57136
SO57136
SO57136
SO57136
SO57136
SO57136
SO57136
SO57136
SO57136
SO57136
SO57136
SO57136
SO57136
SO57136
SO57136
SO57136
SO57136
SO57136
SO57136
SO57136
SO57136
SO57136
SO57136
SO57136
SO57136
SO57136
SO57136
SO57136
SO57136
SO57136
SO57136
SO57136
SO57136
SO57136
SO57136
SO57136
SO57136
SO57136
SO57137
SO57137
SO57137
SO57137
SO57137
SO57137
SO57137
SO57137
SO57137
SO57137
SO57137
SO57137
SO57137
SO57137
SO57137
SO57137
SO57137
SO57137
SO57137
SO57137
SO57137
SO57137
SO57137
SO57137
SO57137
SO57137
SO57137
SO57137
SO57137
SO57137
SO57137
SO57137
SO57137
SO57137
SO57137
SO57137
SO57137
SO57137
SO57137
SO57137
SO57137
SO57137
SO57137
SO57137
SO57137
SO57137
SO57137
SO57137
SO57137
SO57137
SO57137
SO57137
SO57138
SO57138
SO57138
SO57138
SO57138
SO57138
SO57138
SO57138
SO57138
SO57138
SO57138
SO57138
SO57138
SO57138
SO57138
SO57138
SO57138
SO57138
SO57138
SO57139
SO57139
SO57139
SO57139
SO57139
SO57139
SO57140
SO57140
SO57140
SO57140
SO57140
SO57140
SO57140
SO57141
SO57141
SO57141
SO57141
SO57141
SO57141
SO57141
SO57141
SO57141
SO57141
SO57141
SO57141
SO57141
SO57141
SO57141
SO57141
SO57141
SO57141
SO57141
SO57141
SO57141
SO57141
SO57141
SO57141
SO57141
SO57142
SO57142
SO57142
SO57142
SO57142
SO57142
SO57143
SO57143
SO57143
SO57143
SO57143
SO57143
SO57143
SO57143
SO57143
SO57143
SO57143
SO57143
SO57143
SO57143
SO57143
SO57143
SO57143
SO57143
SO57143
SO57143
SO57143
SO57143
SO57143
SO57143
SO57143
SO57143
SO57143
SO57143
SO57143
SO57144
SO57144
SO57144
SO57144
SO57144
SO57144
SO57144
SO57144
SO57144
SO57144
SO57144
SO57144
SO57144
SO57144
SO57144
SO57144
SO57144
SO57144
SO57144
SO57144
SO57144
SO57144
SO57144
SO57144
SO57144
SO57144
SO57144
SO57144
SO57144
SO57144
SO57144
SO57144
SO57144
SO57144
SO57144
SO57144
SO57144
SO57144
SO57144
SO57144
SO57144
SO57144
SO57144
SO57144
SO57144
SO57144
SO57144
SO57144
SO57145
SO57145
SO57145
SO57145
SO57145
SO57145
SO57145
SO57145
SO57145
SO57145
SO57145
SO57145
SO57145
SO57145
SO57145
SO57145
SO57145
SO57145
SO57145
SO57145
SO57145
SO57145
SO57145
SO57145
SO57145
SO57145
SO57145
SO57145
SO57145
SO57145
SO57145
SO57145
SO57145
SO57145
SO57145
SO57145
SO57145
SO57145
SO57145
SO57145
SO57145
SO57145
SO57146
SO57147
SO57147
SO57147
SO57147
SO57147
SO57147
SO57147
SO57147
SO57147
SO57148
SO57148
SO57148
SO57148
SO57148
SO57148
SO57148
SO57148
SO57148
SO57148
SO57149
SO57149
SO57149
SO57149
SO57149
SO57149
SO57149
SO57149
SO57149
SO57149
SO57149
SO57150
SO57150
SO57150
SO57150
SO57150
SO57150
SO57150
SO57150
SO57150
SO57150
SO57150
SO57150
SO57150
SO57150
SO57150
SO57150
SO57150
SO57150
SO57150
SO57150
SO57150
SO57150
SO57150
SO57150
SO57150
SO57150
SO57150
SO57150
SO57150
SO57150
SO57150
SO57150
SO57150
SO57150
SO57150
SO57150
SO57151
SO57151
SO57151
SO57152
SO57152
SO57152
SO57152
SO57152
SO57152
SO57152
SO57152
SO57152
SO57152
SO57152
SO57153
SO57153
SO57153
SO57153
SO57153
SO57153
SO57153
SO57154
SO57154
SO57154
SO57154
SO57154
SO57154
SO57154
SO57154
SO57154
SO57154
SO57154
SO57154
SO57154
SO57154
SO57154
SO57154
SO57154
SO57154
SO57154
SO57154
SO57154
SO57154
SO57154
SO57154
SO57154
SO57154
SO57154
SO57154
SO57154
SO57154
SO57154
SO57154
SO57154
SO57154
SO57154
SO57154
SO57154
SO57155
SO57155
SO57155
SO57155
SO57155
SO57155
SO57155
SO57155
SO57155
SO57155
SO57156
SO57156
SO57157
SO57157
SO57157
SO57157
SO57157
SO57157
SO57157
SO57157
SO57157
SO57157
SO57157
SO57157
SO57157
SO57157
SO57157
SO57157
SO57157
SO57157
SO57157
SO57157
SO57157
SO57157
SO57157
SO57157
SO57157
SO57158
SO57158
SO57158
SO57159
SO57159
SO57159
SO57160
SO57160
SO57160
SO57160
SO57160
SO57160
SO57160
SO57160
SO57160
SO57160
SO57160
SO57160
SO57160
SO57160
SO57160
SO57160
SO57160
SO57160
SO57160
SO57160
SO57161
SO57161
SO57161
SO57161
SO57161
SO57161
SO57161
SO57161
SO57161
SO57161
SO57161
SO57161
SO57161
SO57161
SO57161
SO57161
SO57161
SO57161
SO57161
SO57161
SO57161
SO57161
SO57161
SO57161
SO57161
SO57161
SO57162
SO57162
SO57162
SO57162
SO57162
SO57162
SO57162
SO57162
SO57162
SO57162
SO57162
SO57162
SO57162
SO57162
SO57162
SO57162
SO57162
SO57162
SO57162
SO57162
SO57162
SO57162
SO57162
SO57162
SO57162
SO57162
SO57162
SO57162
SO57162
SO57162
SO57162
SO57162
SO57163
SO57164
SO57164
SO57164
SO57164
SO57164
SO57164
SO57164
SO57164
SO57164
SO57164
SO57164
SO57164
SO57164
SO57165
SO57166
SO57167
SO57168
SO57168
SO57168
SO57168
SO57168
SO57168
SO57168
SO57168
SO57168
SO57168
SO57168
SO57168
SO57168
SO57168
SO57168
SO57168
SO57168
SO57168
SO57168
SO57168
SO57168
SO57168
SO57168
SO57168
SO57168
SO57168
SO57168
SO57168
SO57168
SO57168
SO57168
SO57168
SO57168
SO57168
SO57168
SO57168
SO57168
SO57168
SO57168
SO57168
SO57168
SO57168
SO57168
SO57168
SO57168
SO57169
SO57170
SO57170
SO57170
SO57171
SO57172
SO57172
SO57172
SO57172
SO57173
SO57173
SO57173
SO57173
SO57174
SO57174
SO57175
SO57176
SO57176
SO57176
SO57176
SO57176
SO57176
SO57176
SO57176
SO57177
SO57177
SO57177
SO57178
SO57178
SO57178
SO57178
SO57178
SO57178
SO57178
SO57178
SO57178
SO57179
SO57179
SO57179
SO57179
SO57179
SO57179
SO57179
SO57179
SO57179
SO57179
SO57179
SO57179
SO57179
SO57180
SO57180
SO57180
SO57180
SO57180
SO57180
SO57180
SO57180
SO57180
SO57180
SO57180
SO57180
SO57180
SO57180
SO57180
SO57180
SO57180
SO57180
SO57180
SO57180
SO57180
SO57180
SO57180
SO57180
SO57180
SO57180
SO57180
SO57180
SO57181
SO57183
SO57184
SO57184
SO57184
SO57184
SO57184
SO57185
SO57185
SO57185
SO57185
SO57185
SO57185
SO57185
SO57185
SO57185
SO57185
SO57185
SO57185
SO57185
SO57186
SO57186
SO57186
SO57186
SO57186
SO57186
SO57186
SO57186
SO57186
SO57186
SO57186
SO57186
SO57186
SO57186
SO57186
SO57186
SO57186
SO57186
SO57186
SO57186
SO57186
SO57186
SO57186
SO57186
SO57186
SO57186
SO57186
SO57186
SO57186
SO57186
SO57186
SO57186
SO57186
SO57186
SO57186
SO57186
SO57186
SO57186
SO57186
SO57186
SO57186
SO57186
SO57186
SO57186
SO57186
SO57186
SO57186
SO57186
SO57186
SO57186
SO57186
SO57186
SO57186
SO57186
SO57186
SO57186
SO57186
SO57186
SO57186
SO57187
SO57187
SO57187
SO57187
SO57187
SO57187
SO57187
SO57187
SO57187
SO57187
SO57187
SO57187
SO57187
SO57187
SO57187
SO57187
SO57187
SO57188
SO57188
SO57188
SO57188
SO57188
SO57188
SO57188
SO57188
SO57188
SO57188
SO57188
SO57188
SO57188
SO57188
SO57188
SO57188
SO57188
SO57188
SO57188
SO57188
SO57188
SO57188
SO57188
SO57188
SO57188
SO57188
SO57188
SO57188
SO57188
SO57188
SO57188
SO57189
SO57190
SO57190
SO57190
SO57190
SO57190
SO57190
SO58901
SO58901
SO58902
SO58902
SO58903
SO58903
SO58903
SO58903
SO58903
SO58904
SO58904
SO58905
SO58905
SO58905
SO58905
SO58905
SO58905
SO58905
SO58905
SO58905
SO58905
SO58905
SO58905
SO58905
SO58905
SO58905
SO58905
SO58905
SO58905
SO58905
SO58905
SO58905
SO58905
SO58905
SO58905
SO58905
SO58905
SO58905
SO58905
SO58906
SO58906
SO58906
SO58906
SO58906
SO58906
SO58906
SO58906
SO58906
SO58906
SO58906
SO58906
SO58906
SO58906
SO58906
SO58906
SO58906
SO58906
SO58906
SO58906
SO58906
SO58906
SO58906
SO58906
SO58906
SO58906
SO58906
SO58906
SO58906
SO58906
SO58906
SO58906
SO58906
SO58906
SO58906
SO58906
SO58906
SO58906
SO58906
SO58906
SO58907
SO58907
SO58907
SO58907
SO58907
SO58907
SO58907
SO58907
SO58907
SO58907
SO58907
SO58907
SO58907
SO58907
SO58907
SO58907
SO58907
SO58907
SO58907
SO58907
SO58907
SO58907
SO58907
SO58907
SO58907
SO58907
SO58907
SO58907
SO58907
SO58907
SO58907
SO58907
SO58907
SO58907
SO58907
SO58907
SO58907
SO58907
SO58907
SO58907
SO58907
SO58907
SO58908
SO58908
SO58908
SO58908
SO58908
SO58908
SO58908
SO58908
SO58908
SO58908
SO58908
SO58908
SO58908
SO58908
SO58908
SO58908
SO58908
SO58908
SO58908
SO58908
SO58908
SO58908
SO58908
SO58908
SO58908
SO58908
SO58908
SO58908
SO58908
SO58908
SO58908
SO58908
SO58908
SO58908
SO58908
SO58908
SO58908
SO58908
SO58908
SO58908
SO58908
SO58908
SO58908
SO58908
SO58908
SO58909
SO58909
SO58909
SO58909
SO58909
SO58909
SO58909
SO58909
SO58909
SO58909
SO58909
SO58909
SO58909
SO58909
SO58909
SO58909
SO58909
SO58909
SO58909
SO58909
SO58909
SO58909
SO58909
SO58909
SO58909
SO58909
SO58909
SO58909
SO58909
SO58909
SO58909
SO58909
SO58909
SO58909
SO58909
SO58909
SO58909
SO58909
SO58909
SO58909
SO58909
SO58909
SO58909
SO58909
SO58909
SO58909
SO58910
SO58910
SO58910
SO58910
SO58910
SO58910
SO58910
SO58910
SO58910
SO58910
SO58910
SO58910
SO58910
SO58910
SO58910
SO58910
SO58910
SO58910
SO58910
SO58910
SO58910
SO58910
SO58910
SO58910
SO58910
SO58910
SO58910
SO58910
SO58910
SO58910
SO58911
SO58911
SO58911
SO58911
SO58911
SO58911
SO58911
SO58911
SO58911
SO58911
SO58911
SO58911
SO58911
SO58911
SO58911
SO58911
SO58911
SO58911
SO58911
SO58911
SO58912
SO58913
SO58913
SO58913
SO58913
SO58914
SO58914
SO58914
SO58914
SO58914
SO58914
SO58914
SO58914
SO58914
SO58914
SO58914
SO58914
SO58914
SO58914
SO58914
SO58914
SO58914
SO58914
SO58914
SO58914
SO58914
SO58914
SO58914
SO58914
SO58914
SO58914
SO58914
SO58914
SO58914
SO58915
SO58915
SO58915
SO58915
SO58915
SO58915
SO58915
SO58915
SO58915
SO58915
SO58915
SO58915
SO58915
SO58915
SO58915
SO58915
SO58915
SO58915
SO58915
SO58915
SO58915
SO58915
SO58915
SO58915
SO58915
SO58915
SO58915
SO58915
SO58915
SO58915
SO58915
SO58915
SO58915
SO58915
SO58915
SO58915
SO58915
SO58915
SO58915
SO58915
SO58915
SO58915
SO58915
SO58915
SO58915
SO58915
SO58916
SO58916
SO58916
SO58916
SO58916
SO58916
SO58916
SO58916
SO58916
SO58916
SO58916
SO58917
SO58917
SO58917
SO58917
SO58917
SO58917
SO58917
SO58917
SO58917
SO58917
SO58917
SO58917
SO58917
SO58918
SO58918
SO58918
SO58918
SO58918
SO58918
SO58918
SO58918
SO58918
SO58918
SO58918
SO58918
SO58918
SO58918
SO58918
SO58918
SO58918
SO58918
SO58918
SO58918
SO58918
SO58918
SO58918
SO58918
SO58918
SO58918
SO58918
SO58918
SO58918
SO58918
SO58918
SO58918
SO58918
SO58918
SO58918
SO58918
SO58918
SO58918
SO58918
SO58918
SO58918
SO58918
SO58918
SO58918
SO58918
SO58918
SO58918
SO58918
SO58918
SO58918
SO58918
SO58918
SO58918
SO58918
SO58918
SO58918
SO58918
SO58918
SO58918
SO58918
SO58918
SO58918
SO58918
SO58918
SO58918
SO58919
SO58919
SO58919
SO58919
SO58919
SO58919
SO58919
SO58919
SO58919
SO58919
SO58919
SO58919
SO58919
SO58919
SO58919
SO58919
SO58919
SO58919
SO58919
SO58919
SO58919
SO58920
SO58920
SO58920
SO58920
SO58920
SO58920
SO58920
SO58920
SO58920
SO58920
SO58920
SO58920
SO58920
SO58920
SO58920
SO58920
SO58920
SO58920
SO58920
SO58920
SO58920
SO58920
SO58920
SO58920
SO58920
SO58920
SO58920
SO58920
SO58920
SO58920
SO58920
SO58920
SO58920
SO58920
SO58920
SO58920
SO58920
SO58920
SO58920
SO58920
SO58920
SO58920
SO58920
SO58920
SO58920
SO58920
SO58920
SO58921
SO58921
SO58921
SO58921
SO58921
SO58921
SO58921
SO58921
SO58921
SO58921
SO58921
SO58921
SO58921
SO58921
SO58921
SO58921
SO58921
SO58921
SO58921
SO58921
SO58921
SO58921
SO58921
SO58921
SO58922
SO58922
SO58922
SO58922
SO58922
SO58922
SO58922
SO58922
SO58922
SO58922
SO58922
SO58922
SO58922
SO58922
SO58922
SO58922
SO58922
SO58922
SO58922
SO58922
SO58922
SO58922
SO58922
SO58922
SO58922
SO58922
SO58922
SO58922
SO58922
SO58922
SO58922
SO58922
SO58922
SO58922
SO58922
SO58922
SO58922
SO58922
SO58923
SO58924
SO58924
SO58924
SO58924
SO58924
SO58924
SO58924
SO58924
SO58924
SO58924
SO58924
SO58924
SO58924
SO58924
SO58924
SO58924
SO58924
SO58924
SO58924
SO58924
SO58924
SO58924
SO58924
SO58924
SO58924
SO58924
SO58924
SO58924
SO58924
SO58924
SO58924
SO58924
SO58925
SO58925
SO58925
SO58925
SO58925
SO58925
SO58925
SO58925
SO58925
SO58925
SO58925
SO58925
SO58925
SO58925
SO58925
SO58925
SO58925
SO58925
SO58925
SO58925
SO58925
SO58925
SO58925
SO58925
SO58925
SO58926
SO58926
SO58926
SO58926
SO58926
SO58926
SO58926
SO58926
SO58926
SO58926
SO58926
SO58926
SO58926
SO58926
SO58926
SO58926
SO58926
SO58926
SO58926
SO58926
SO58926
SO58926
SO58926
SO58926
SO58926
SO58926
SO58926
SO58927
SO58927
SO58927
SO58927
SO58927
SO58927
SO58927
SO58927
SO58927
SO58927
SO58927
SO58927
SO58927
SO58927
SO58927
SO58927
SO58927
SO58927
SO58927
SO58927
SO58927
SO58927
SO58927
SO58927
SO58927
SO58927
SO58927
SO58927
SO58927
SO58927
SO58927
SO58927
SO58927
SO58927
SO58927
SO58927
SO58927
SO58927
SO58927
SO58927
SO58927
SO58927
SO58927
SO58927
SO58928
SO58928
SO58928
SO58928
SO58928
SO58928
SO58928
SO58928
SO58928
SO58928
SO58928
SO58928
SO58928
SO58928
SO58928
SO58928
SO58928
SO58928
SO58928
SO58928
SO58928
SO58928
SO58928
SO58928
SO58928
SO58928
SO58928
SO58928
SO58928
SO58928
SO58928
SO58928
SO58928
SO58928
SO58928
SO58928
SO58928
SO58928
SO58928
SO58928
SO58928
SO58928
SO58928
SO58928
SO58928
SO58928
SO58929
SO58929
SO58929
SO58929
SO58929
SO58929
SO58930
SO58930
SO58930
SO58930
SO58930
SO58930
SO58930
SO58930
SO58930
SO58930
SO58930
SO58930
SO58930
SO58930
SO58930
SO58930
SO58930
SO58930
SO58930
SO58930
SO58930
SO58930
SO58930
SO58930
SO58930
SO58930
SO58930
SO58930
SO58930
SO58930
SO58930
SO58931
SO58931
SO58931
SO58931
SO58931
SO58931
SO58931
SO58931
SO58931
SO58931
SO58931
SO58931
SO58931
SO58931
SO58931
SO58931
SO58931
SO58931
SO58931
SO58931
SO58931
SO58931
SO58931
SO58931
SO58931
SO58931
SO58931
SO58931
SO58931
SO58931
SO58931
SO58931
SO58931
SO58931
SO58931
SO58931
SO58931
SO58931
SO58931
SO58931
SO58931
SO58931
SO58931
SO58931
SO58931
SO58931
SO58931
SO58931
SO58931
SO58931
SO58931
SO58931
SO58931
SO58932
SO58932
SO58932
SO58932
SO58932
SO58932
SO58932
SO58932
SO58932
SO58932
SO58932
SO58932
SO58932
SO58932
SO58932
SO58932
SO58932
SO58932
SO58932
SO58932
SO58932
SO58932
SO58932
SO58932
SO58932
SO58932
SO58932
SO58932
SO58932
SO58932
SO58932
SO58932
SO58932
SO58932
SO58932
SO58932
SO58932
SO58932
SO58932
SO58932
SO58932
SO58933
SO58933
SO58934
SO58934
SO58934
SO58934
SO58934
SO58934
SO58934
SO58934
SO58934
SO58934
SO58934
SO58934
SO58934
SO58934
SO58934
SO58934
SO58934
SO58934
SO58935
SO58935
SO58935
SO58935
SO58935
SO58935
SO58936
SO58937
SO58937
SO58937
SO58937
SO58937
SO58937
SO58937
SO58938
SO58938
SO58938
SO58938
SO58938
SO58939
SO58939
SO58940
SO58940
SO58940
SO58940
SO58940
SO58940
SO58940
SO58940
SO58940
SO58940
SO58940
SO58940
SO58940
SO58940
SO58940
SO58940
SO58940
SO58940
SO58940
SO58940
SO58940
SO58940
SO58940
SO58940
SO58941
SO58941
SO58941
SO58942
SO58942
SO58942
SO58943
SO58943
SO58943
SO58943
SO58943
SO58943
SO58943
SO58943
SO58943
SO58943
SO58943
SO58943
SO58943
SO58943
SO58943
SO58943
SO58943
SO58943
SO58943
SO58943
SO58944
SO58944
SO58944
SO58944
SO58944
SO58944
SO58944
SO58944
SO58944
SO58944
SO58944
SO58944
SO58944
SO58944
SO58944
SO58944
SO58944
SO58944
SO58944
SO58944
SO58944
SO58944
SO58944
SO58944
SO58944
SO58944
SO58944
SO58944
SO58944
SO58944
SO58944
SO58944
SO58944
SO58944
SO58944
SO58944
SO58944
SO58944
SO58944
SO58944
SO58944
SO58944
SO58944
SO58944
SO58944
SO58944
SO58945
SO58945
SO58945
SO58945
SO58946
SO58946
SO58946
SO58946
SO58946
SO58946
SO58946
SO58946
SO58946
SO58946
SO58946
SO58946
SO58946
SO58946
SO58946
SO58946
SO58946
SO58946
SO58946
SO58946
SO58946
SO58946
SO58946
SO58946
SO58946
SO58946
SO58947
SO58947
SO58948
SO58948
SO58948
SO58948
SO58948
SO58948
SO58948
SO58948
SO58948
SO58948
SO58948
SO58948
SO58948
SO58948
SO58948
SO58948
SO58948
SO58948
SO58948
SO58948
SO58948
SO58948
SO58948
SO58948
SO58948
SO58948
SO58948
SO58948
SO58948
SO58948
SO58948
SO58948
SO58948
SO58948
SO58948
SO58948
SO58948
SO58948
SO58948
SO58949
SO58949
SO58949
SO58949
SO58950
SO58950
SO58950
SO58950
SO58950
SO58950
SO58950
SO58950
SO58950
SO58950
SO58950
SO58950
SO58950
SO58950
SO58950
SO58950
SO58950
SO58950
SO58950
SO58950
SO58950
SO58950
SO58950
SO58950
SO58950
SO58950
SO58950
SO58950
SO58951
SO58951
SO58951
SO58951
SO58951
SO58951
SO58951
SO58951
SO58951
SO58951
SO58951
SO58951
SO58951
SO58951
SO58951
SO58951
SO58951
SO58951
SO58951
SO58951
SO58951
SO58951
SO58951
SO58951
SO58951
SO58951
SO58951
SO58951
SO58951
SO58951
SO58951
SO58951
SO58951
SO58951
SO58951
SO58951
SO58951
SO58951
SO58951
SO58951
SO58951
SO58951
SO58951
SO58952
SO58952
SO58952
SO58952
SO58953
SO58953
SO58953
SO58953
SO58953
SO58953
SO58953
SO58953
SO58953
SO58953
SO58953
SO58953
SO58953
SO58953
SO58953
SO58953
SO58953
SO58953
SO58953
SO58954
SO58955
SO58955
SO58956
SO58956
SO58956
SO58956
SO58956
SO58956
SO58956
SO58956
SO58956
SO58956
SO58956
SO58956
SO58956
SO58956
SO58956
SO58956
SO58956
SO58956
SO58956
SO58956
SO58957
SO58957
SO58957
SO58957
SO58957
SO58957
SO58957
SO58957
SO58957
SO58957
SO58957
SO58957
SO58957
SO58957
SO58957
SO58957
SO58957
SO58957
SO58957
SO58957
SO58957
SO58957
SO58957
SO58957
SO58957
SO58957
SO58957
SO58957
SO58957
SO58957
SO58958
SO58958
SO58958
SO58958
SO58958
SO58958
SO58958
SO58958
SO58958
SO58958
SO58958
SO58958
SO58958
SO58958
SO58958
SO58958
SO58958
SO58958
SO58958
SO58958
SO58958
SO58958
SO58958
SO58958
SO58958
SO58958
SO58958
SO58958
SO58958
SO58958
SO58958
SO58958
SO58958
SO58958
SO58958
SO58958
SO58958
SO58958
SO58958
SO58958
SO58958
SO58959
SO58959
SO58959
SO58959
SO58959
SO58959
SO58959
SO58959
SO58959
SO58959
SO58959
SO58959
SO58959
SO58959
SO58959
SO58959
SO58959
SO58959
SO58959
SO58959
SO58959
SO58959
SO58959
SO58959
SO58959
SO58959
SO58959
SO58959
SO58959
SO58959
SO58959
SO58959
SO58960
SO58960
SO58960
SO58960
SO58961
SO58961
SO58961
SO58961
SO58961
SO58961
SO58961
SO58961
SO58961
SO58961
SO58961
SO58961
SO58961
SO58961
SO58961
SO58961
SO58961
SO58961
SO58961
SO58961
SO58961
SO58961
SO58961
SO58961
SO58961
SO58961
SO58961
SO58961
SO58961
SO58961
SO58961
SO58961
SO58961
SO58961
SO58961
SO58961
SO58961
SO58961
SO58961
SO58961
SO58961
SO58961
SO58961
SO58961
SO58961
SO58961
SO58962
SO58962
SO58962
SO58962
SO58962
SO58962
SO58962
SO58962
SO58962
SO58962
SO58962
SO58962
SO58962
SO58962
SO58962
SO58962
SO58962
SO58962
SO58962
SO58962
SO58962
SO58962
SO58962
SO58962
SO58962
SO58962
SO58962
SO58962
SO58962
SO58962
SO58962
SO58962
SO58962
SO58962
SO58963
SO58963
SO58963
SO58963
SO58963
SO58963
SO58963
SO58963
SO58963
SO58963
SO58963
SO58963
SO58963
SO58963
SO58963
SO58963
SO58963
SO58963
SO58963
SO58963
SO58963
SO58963
SO58963
SO58963
SO58963
SO58963
SO58963
SO58963
SO58963
SO58963
SO58963
SO58963
SO58963
SO58963
SO58963
SO58963
SO58963
SO58963
SO58963
SO58963
SO58963
SO58963
SO58963
SO58963
SO58963
SO58963
SO58963
SO58963
SO58963
SO58963
SO58964
SO58965
SO58965
SO58965
SO58965
SO58965
SO58965
SO58965
SO58965
SO58965
SO58965
SO58965
SO58966
SO58966
SO58966
SO58967
SO58968
SO58968
SO58968
SO58968
SO58968
SO58968
SO58968
SO58968
SO58968
SO58969
SO58969
SO58969
SO58969
SO58969
SO58969
SO58969
SO58969
SO58969
SO58969
SO58970
SO58970
SO58970
SO58970
SO58970
SO58970
SO58970
SO58970
SO58970
SO58970
SO58970
SO58970
SO58970
SO58970
SO58970
SO58970
SO58970
SO58970
SO58970
SO58970
SO58970
SO58970
SO58970
SO58970
SO58970
SO58971
SO58971
SO58971
SO58971
SO58971
SO58971
SO58971
SO58971
SO58971
SO58971
SO58971
SO58971
SO58971
SO58971
SO58971
SO58971
SO58971
SO58971
SO58971
SO58971
SO58971
SO58971
SO58971
SO58971
SO58971
SO58971
SO58971
SO58971
SO58971
SO58971
SO58971
SO58971
SO58971
SO58971
SO58971
SO58971
SO58971
SO58971
SO58971
SO58971
SO58971
SO58971
SO58972
SO58972
SO58972
SO58972
SO58972
SO58972
SO58972
SO58972
SO58972
SO58972
SO58972
SO58972
SO58972
SO58972
SO58972
SO58972
SO58972
SO58972
SO58972
SO58972
SO58972
SO58972
SO58972
SO58972
SO58972
SO58972
SO58972
SO58972
SO58972
SO58972
SO58972
SO58972
SO58972
SO58972
SO58972
SO58972
SO58972
SO58972
SO58972
SO58972
SO58972
SO58972
SO58972
SO58972
SO58972
SO58972
SO58972
SO58972
SO58972
SO58972
SO58973
SO58974
SO58974
SO58974
SO58974
SO58974
SO58974
SO58974
SO58974
SO58974
SO58974
SO58974
SO58974
SO58974
SO58974
SO58974
SO58974
SO58974
SO58974
SO58974
SO58974
SO58974
SO58974
SO58974
SO58974
SO58974
SO58974
SO58974
SO58974
SO58974
SO58974
SO58974
SO58974
SO58974
SO58974
SO58974
SO58974
SO58975
SO58975
SO58975
SO58975
SO58975
SO58975
SO58975
SO58975
SO58975
SO58975
SO58975
SO58975
SO58975
SO58975
SO58975
SO58975
SO58975
SO58975
SO58975
SO58975
SO58975
SO58975
SO58975
SO58975
SO58975
SO58975
SO58975
SO58975
SO58975
SO58975
SO58975
SO58975
SO58975
SO58976
SO58976
SO58976
SO58976
SO58976
SO58976
SO58976
SO58976
SO58976
SO58976
SO58976
SO58976
SO58976
SO58976
SO58976
SO58976
SO58976
SO58976
SO58976
SO58976
SO58977
SO58977
SO58977
SO58977
SO58977
SO58977
SO58977
SO58977
SO58977
SO58977
SO58978
SO58978
SO58978
SO58978
SO58978
SO58979
SO58979
SO58979
SO58979
SO58979
SO58979
SO58979
SO58979
SO58979
SO58979
SO58979
SO58979
SO58979
SO58979
SO58979
SO58979
SO58979
SO58979
SO58979
SO58979
SO58979
SO58979
SO58979
SO58980
SO58980
SO58980
SO58980
SO58980
SO58980
SO58980
SO58980
SO58980
SO58980
SO58980
SO58980
SO58980
SO58980
SO58980
SO58980
SO58980
SO58980
SO58980
SO58980
SO58980
SO58980
SO58980
SO58980
SO58980
SO58980
SO58980
SO58980
SO58980
SO58980
SO58981
SO58981
SO58981
SO58981
SO58981
SO58981
SO58981
SO58981
SO58981
SO58981
SO58981
SO58981
SO58981
SO58981
SO58981
SO58981
SO58981
SO58981
SO58981
SO58981
SO58981
SO58981
SO58981
SO58981
SO58981
SO58981
SO58981
SO58981
SO58981
SO58981
SO58981
SO58981
SO58981
SO58981
SO58981
SO58981
SO58981
SO58981
SO58981
SO58981
SO58981
SO58981
SO58981
SO58981
SO58981
SO58981
SO58981
SO58981
SO58981
SO58981
SO58981
SO58981
SO58981
SO58981
SO58981
SO58982
SO58982
SO58982
SO58982
SO58982
SO58982
SO58982
SO58982
SO58982
SO58982
SO58982
SO58982
SO58982
SO58982
SO58983
SO58984
SO58984
SO58984
SO58984
SO58984
SO58984
SO58984
SO58984
SO58984
SO58984
SO58984
SO58985
SO58985
SO58985
SO58985
SO58986
SO58987
SO58987
SO58987
SO58987
SO58987
SO58987
SO58987
SO58987
SO58987
SO58987
SO58988
SO58988
SO58988
SO58988
SO58988
SO58988
SO58988
SO58988
SO58988
SO58988
SO58989
SO58989
SO58989
SO58989
SO58989
SO58989
SO58989
SO58990
SO58991
SO58991
SO58991
SO58991
SO58991
SO58992
SO58992
SO58992
SO58992
SO58992
SO58992
SO58992
SO58992
SO58992
SO58992
SO58992
SO58993
SO58993
SO58993
SO58993
SO58993
SO58993
SO58993
SO58993
SO58993
SO58993
SO58993
SO58993
SO58993
SO58993
SO58993
SO58993
SO58993
SO58993
SO58993
SO58993
SO58993
SO58993
SO58993
SO58993
SO58993
SO58993
SO58993
SO58994
SO58995
SO58995
SO58995
SO58995
SO58995
SO58995
SO58995
SO58995
SO58995
SO58995
SO58995
SO58995
SO58995
SO58995
SO58995
SO58995
SO58995
SO58995
SO58995
SO58995
SO58995
SO58995
SO58995
SO58995
SO58995
SO58996
SO58996
SO58996
SO58996
SO58996
SO58996
SO58996
SO58996
SO58996
SO58996
SO58996
SO58996
SO58996
SO58996
SO58996
SO58996
SO58996
SO58996
SO58996
SO58996
SO58996
SO58997
SO58997
SO58997
SO58997
SO58997
SO58997
SO58997
SO58998
SO58999
SO58999
SO59000
SO59001
SO59001
SO59001
SO59002
SO59002
SO59003
SO59003
SO59003
SO59003
SO59003
SO59003
SO59004
SO59005
SO59006
SO59006
SO59006
SO59006
SO59007
SO59007
SO59008
SO59008
SO59008
SO59008
SO59008
SO59008
SO59008
SO59008
SO59008
SO59008
SO59008
SO59008
SO59008
SO59008
SO59008
SO59008
SO59008
SO59008
SO59008
SO59008
SO59008
SO59008
SO59008
SO59008
SO59008
SO59008
SO59008
SO59008
SO59008
SO59008
SO59009
SO59010
SO59010
SO59010
SO59010
SO59010
SO59010
SO59010
SO59010
SO59010
SO59010
SO59010
SO59010
SO59010
SO59010
SO59010
SO59010
SO59010
SO59010
SO59010
SO59010
SO59010
SO59010
SO59010
SO59010
SO59010
SO59010
SO59010
SO59010
SO59010
SO59010
SO59010
SO59010
SO59010
SO59010
SO59010
SO59010
SO59010
SO59010
SO59010
SO59010
SO59010
SO59010
SO59010
SO59010
SO59010
SO59010
SO59011
SO59011
SO59011
SO59011
SO59011
SO59011
SO59011
SO59011
SO59011
SO59011
SO59011
SO59011
SO59011
SO59011
SO59011
SO59011
SO59011
SO59011
SO59011
SO59011
SO59011
SO59011
SO59011
SO59011
SO59011
SO59011
SO59011
SO59011
SO59011
SO59011
SO59011
SO59011
SO59011
SO59012
SO59012
SO59012
SO59012
SO59012
SO59012
SO59012
SO59012
SO59012
SO59012
SO59012
SO59012
SO59012
SO59012
SO59012
SO59012
SO59012
SO59012
SO59012
SO59012
SO59012
SO59012
SO59012
SO59012
SO59012
SO59012
SO59012
SO59012
SO59012
SO59012
SO59012
SO59012
SO59012
SO59012
SO59012
SO59012
SO59012
SO59012
SO59012
SO59012
SO59012
SO59012
SO59012
SO59012
SO59012
SO59012
SO59012
SO59012
SO59012
SO59012
SO59012
SO59012
SO59013
SO59013
SO59013
SO59013
SO59013
SO59013
SO59013
SO59013
SO59013
SO59013
SO59013
SO59013
SO59013
SO59013
SO59013
SO59013
SO59013
SO59013
SO59013
SO59013
SO59013
SO59013
SO59013
SO59013
SO59013
SO59013
SO59013
SO59013
SO59013
SO59013
SO59013
SO59013
SO59013
SO59013
SO59013
SO59013
SO59013
SO59013
SO59014
SO59014
SO59014
SO59014
SO59014
SO59014
SO59014
SO59014
SO59014
SO59014
SO59014
SO59014
SO59015
SO59015
SO59015
SO59016
SO59016
SO59016
SO59016
SO59016
SO59016
SO59016
SO59016
SO59016
SO59016
SO59016
SO59016
SO59016
SO59017
SO59017
SO59017
SO59017
SO59017
SO59017
SO59017
SO59017
SO59017
SO59018
SO59018
SO59018
SO59018
SO59018
SO59018
SO59018
SO59018
SO59018
SO59018
SO59018
SO59018
SO59018
SO59018
SO59018
SO59018
SO59018
SO59018
SO59018
SO59018
SO59018
SO59018
SO59018
SO59018
SO59018
SO59018
SO59018
SO59018
SO59018
SO59018
SO59018
SO59018
SO59018
SO59019
SO59019
SO59019
SO59019
SO59019
SO59019
SO59019
SO59020
SO59020
SO59020
SO59020
SO59020
SO59020
SO59020
SO59021
SO59021
SO59021
SO59021
SO59021
SO59021
SO59021
SO59021
SO59021
SO59021
SO59021
SO59021
SO59021
SO59021
SO59021
SO59021
SO59021
SO59021
SO59021
SO59021
SO59021
SO59021
SO59021
SO59021
SO59021
SO59021
SO59021
SO59021
SO59021
SO59021
SO59021
SO59022
SO59022
SO59022
SO59023
SO59023
SO59023
SO59023
SO59023
SO59023
SO59023
SO59023
SO59023
SO59023
SO59023
SO59023
SO59023
SO59023
SO59023
SO59023
SO59023
SO59023
SO59023
SO59023
SO59023
SO59023
SO59023
SO59023
SO59023
SO59023
SO59023
SO59023
SO59023
SO59023
SO59023
SO59023
SO59023
SO59023
SO59023
SO59023
SO59023
SO59023
SO59023
SO59023
SO59023
SO59023
SO59023
SO59023
SO59023
SO59023
SO59023
SO59023
SO59023
SO59024
SO59024
SO59025
SO59025
SO59026
SO59026
SO59026
SO59026
SO59026
SO59026
SO59027
SO59027
SO59027
SO59027
SO59027
SO59027
SO59027
SO59027
SO59027
SO59027
SO59027
SO59027
SO59027
SO59027
SO59027
SO59027
SO59027
SO59027
SO59027
SO59027
SO59027
SO59027
SO59027
SO59027
SO59027
SO59027
SO59027
SO59027
SO59027
SO59027
SO59027
SO59027
SO59027
SO59027
SO59027
SO59027
SO59027
SO59027
SO59028
SO59028
SO59028
SO59028
SO59028
SO59028
SO59028
SO59028
SO59028
SO59028
SO59028
SO59028
SO59028
SO59028
SO59028
SO59028
SO59028
SO59028
SO59028
SO59028
SO59028
SO59028
SO59028
SO59028
SO59028
SO59028
SO59028
SO59028
SO59028
SO59028
SO59028
SO59028
SO59028
SO59028
SO59028
SO59028
SO59028
SO59028
SO59028
SO59028
SO59028
SO59028
SO59028
SO59029
SO59029
SO59029
SO59029
SO59029
SO59029
SO59029
SO59029
SO59029
SO59029
SO59029
SO59029
SO59029
SO59029
SO59029
SO59029
SO59029
SO59029
SO59029
SO59029
SO59029
SO59029
SO59029
SO59029
SO59029
SO59029
SO59029
SO59029
SO59029
SO59029
SO59029
SO59030
SO59030
SO59031
SO59031
SO59031
SO59031
SO59031
SO59031
SO59031
SO59031
SO59031
SO59031
SO59031
SO59031
SO59031
SO59031
SO59031
SO59031
SO59031
SO59032
SO59032
SO59032
SO59032
SO59032
SO59033
SO59033
SO59033
SO59033
SO59033
SO59033
SO59034
SO59034
SO59034
SO59034
SO59035
SO59035
SO59035
SO59035
SO59035
SO59036
SO59036
SO59036
SO59036
SO59036
SO59037
SO59037
SO59037
SO59037
SO59037
SO59037
SO59037
SO59037
SO59038
SO59038
SO59038
SO59038
SO59038
SO59038
SO59038
SO59038
SO59038
SO59039
SO59040
SO59040
SO59040
SO59040
SO59040
SO59040
SO59040
SO59040
SO59040
SO59040
SO59040
SO59040
SO59040
SO59040
SO59040
SO59040
SO59041
SO59041
SO59041
SO59041
SO59041
SO59041
SO59041
SO59042
SO59042
SO59042
SO59042
SO59042
SO59042
SO59042
SO59042
SO59043
SO59044
SO59044
SO59044
SO59044
SO59044
SO59044
SO59044
SO59044
SO59044
SO59044
SO59044
SO59044
SO59044
SO59044
SO59044
SO59044
SO59044
SO59044
SO59044
SO59044
SO59044
SO59044
SO59044
SO59044
SO59044
SO59044
SO59044
SO59044
SO59044
SO59044
SO59044
SO59044
SO59045
SO59045
SO59045
SO59046
SO59046
SO59047
SO59048
SO59049
SO59049
SO59049
SO59049
SO59050
SO59050
SO59050
SO59050
SO59050
SO59050
SO59051
SO59052
SO59052
SO59053
SO59053
SO59054
SO59054
SO59055
SO59055
SO59055
SO59056
SO59057
SO59057
SO59057
SO59057
SO59057
SO59057
SO59057
SO59057
SO59058
SO59058
SO59058
SO59058
SO59058
SO59058
SO59058
SO59058
SO59058
SO59058
SO59058
SO59058
SO59058
SO59058
SO59058
SO59058
SO59058
SO59058
SO59058
SO59058
SO59058
SO59058
SO59058
SO59058
SO59058
SO59058
SO59058
SO59058
SO59058
SO59058
SO59058
SO59058
SO59058
SO59058
SO59058
SO59058
SO59058
SO59059
SO59059
SO59059
SO59059
SO59059
SO59059
SO59059
SO59059
SO59059
SO59059
SO59059
SO59059
SO59059
SO59059
SO59059
SO59059
SO59060
SO59061
SO59061
SO59061
SO59061
SO59061
SO59061
SO59062
SO59063
SO59063
SO59063
SO59063
SO59063
SO59063
SO59063
SO59063
SO59063
SO59063
SO59063
SO59063
SO59063
SO59063
SO59063
SO59063
SO59063
SO59063
SO59063
SO59063
SO59063
SO59063
SO59063
SO59063
SO59063
SO59063
SO59063
SO59063
SO59063
SO59063
SO59063
SO59063
SO59063
SO59063
SO59063
SO59063
SO59063
SO59063
SO59063
SO59063
SO59064
SO59064
SO59064
SO59064
SO59064
SO59064
SO59064
SO59064
SO59064
SO59064
SO59064
SO59064
SO59064
SO59064
SO59064
SO59064
SO59064
SO59064
SO59064
SO59064
SO59064
SO59064
SO59064
SO59064
SO59064
SO59064
SO59064
SO59064
SO59064
SO59064
SO59064
SO59064
SO59064
SO59064
SO59064
SO59064
SO59064
SO59064
SO59064
SO59064
SO59064
SO59064
SO59064
SO59064
SO59064
SO59064
SO59065
SO59065
SO59065
SO59065
SO59065
SO59065
SO59065
SO59065
SO59065
SO59065
SO59065
SO59065
SO59065
SO59065
SO59066
SO59066
SO59066
SO59066
SO59066
SO59066
SO59066
SO59066
SO59066
SO59066
SO59066
SO59066
SO59066
SO59066
SO59066
SO59066
SO59066
SO59066
SO59066
SO59066
SO59066
SO59066
SO59066
SO59066
SO59066
SO59066
SO59067
SO59067
SO59067
SO59067
SO59067
SO59067
SO59067
SO59067
SO59067
SO59067
SO59067
SO59067
SO59067
SO59067
SO59067
SO59067
SO59067
SO59067
SO59067
SO59067
SO59067
SO59067
SO59067
SO59067
SO59067
SO59067
SO59067
SO59067
SO59067
SO59067
SO59067
SO59067
SO59067
SO59067
SO59067
SO59067
SO59068
SO59068
SO59068
SO59068
SO59068
SO59068
SO59068
SO59068
SO59068
SO59068
SO59068
SO59068
SO59068
SO59068
SO59068
SO59068
SO59068
SO59068
SO59068
SO59068
SO59068
SO59068
SO59068
SO59068
SO59068
SO59068
SO59068
SO59068
SO59068
SO59068
SO59068
SO59068
SO59068
SO59068
SO59068
SO59068
SO59068
SO59068
SO59068
SO59068
SO59068
SO59068
SO59068
SO59068
SO59068
SO59068
SO59069
SO59070
SO59070
SO59070
SO59071
SO59071
SO59071
SO59071
SO59071
SO59071
SO59071
SO59071
SO59071
SO59071
SO59071
SO59071
SO59071
SO59071
SO59071
SO59071
SO59071
SO59071
SO59071
SO59071
SO59071
SO59071
SO59071
SO59071
SO59071
SO59071
SO59071
SO59071
SO59071
SO59072
SO59073
SO59073
SO59073
SO59073
SO59073
SO59073
SO59073
SO59073
SO59074
SO59074
SO59074
SO59074
SO59074
SO59074
SO59074
SO59074
SO59074
SO59074
SO59074
SO59074
SO59074
SO59074
SO59074
SO59074
SO59074
SO59074
SO59074
SO59074
SO59074
SO59074
SO59074
SO59074
SO59074
SO59074
SO59074
SO59074
SO59074
SO59074
SO59074
SO59074
SO59074
SO59074
SO59074
SO59074
SO59074
SO59074
SO59074
SO59074
SO59075
SO59075
SO59075
SO59075
SO59075
SO59075
SO59075
SO59075
SO59075
SO59075
SO59075
SO59075
SO59075
SO59075
SO59075
SO59075
SO59075
SO59075
SO59075
SO59075
SO59075
SO59075
SO59075
SO59075
SO59075
SO59075
SO59075
SO59075
SO59075
SO59075
SO59075
SO59075
SO59075
SO59075
SO59075
SO59075
SO59075
SO59075
SO59075
SO59075
SO59075
SO59075
SO59075
SO59075
SO59075
SO59076
SO59076
SO59076
SO59076
SO59076
SO61173
SO61173
SO61173
SO61173
SO61173
SO61173
SO61173
SO61173
SO61173
SO61173
SO61173
SO61173
SO61173
SO61173
SO61173
SO61173
SO61173
SO61173
SO61173
SO61173
SO61173
SO61173
SO61173
SO61173
SO61173
SO61173
SO61173
SO61173
SO61173
SO61173
SO61173
SO61173
SO61173
SO61173
SO61173
SO61174
SO61174
SO61174
SO61174
SO61174
SO61174
SO61174
SO61175
SO61175
SO61175
SO61175
SO61175
SO61175
SO61175
SO61175
SO61175
SO61175
SO61175
SO61175
SO61175
SO61175
SO61175
SO61175
SO61175
SO61175
SO61175
SO61175
SO61175
SO61175
SO61175
SO61175
SO61175
SO61176
SO61177
SO61177
SO61177
SO61177
SO61177
SO61177
SO61177
SO61177
SO61177
SO61177
SO61177
SO61177
SO61177
SO61177
SO61177
SO61177
SO61177
SO61177
SO61177
SO61177
SO61177
SO61177
SO61177
SO61177
SO61177
SO61178
SO61178
SO61179
SO61179
SO61179
SO61179
SO61179
SO61179
SO61179
SO61179
SO61179
SO61179
SO61179
SO61179
SO61179
SO61179
SO61179
SO61179
SO61179
SO61179
SO61179
SO61179
SO61180
SO61180
SO61180
SO61181
SO61181
SO61181
SO61181
SO61181
SO61181
SO61181
SO61181
SO61181
SO61181
SO61181
SO61181
SO61181
SO61181
SO61181
SO61181
SO61181
SO61181
SO61181
SO61181
SO61181
SO61181
SO61181
SO61182
SO61182
SO61182
SO61182
SO61182
SO61182
SO61182
SO61182
SO61182
SO61182
SO61182
SO61182
SO61182
SO61182
SO61182
SO61182
SO61182
SO61182
SO61182
SO61182
SO61182
SO61182
SO61182
SO61182
SO61182
SO61182
SO61182
SO61182
SO61182
SO61182
SO61182
SO61183
SO61184
SO61184
SO61184
SO61184
SO61184
SO61184
SO61184
SO61184
SO61184
SO61184
SO61184
SO61184
SO61184
SO61184
SO61184
SO61184
SO61184
SO61184
SO61184
SO61184
SO61184
SO61184
SO61184
SO61184
SO61184
SO61184
SO61184
SO61184
SO61184
SO61184
SO61184
SO61184
SO61184
SO61184
SO61184
SO61184
SO61184
SO61184
SO61184
SO61184
SO61184
SO61184
SO61184
SO61184
SO61185
SO61186
SO61186
SO61186
SO61186
SO61186
SO61186
SO61186
SO61186
SO61186
SO61186
SO61186
SO61186
SO61186
SO61186
SO61186
SO61186
SO61186
SO61186
SO61186
SO61187
SO61188
SO61188
SO61188
SO61188
SO61188
SO61188
SO61188
SO61188
SO61188
SO61188
SO61188
SO61188
SO61188
SO61188
SO61188
SO61188
SO61188
SO61188
SO61188
SO61188
SO61188
SO61188
SO61188
SO61188
SO61188
SO61189
SO61189
SO61189
SO61189
SO61189
SO61189
SO61189
SO61189
SO61189
SO61189
SO61189
SO61189
SO61189
SO61189
SO61189
SO61189
SO61189
SO61189
SO61189
SO61189
SO61189
SO61189
SO61189
SO61189
SO61189
SO61189
SO61190
SO61190
SO61190
SO61190
SO61190
SO61190
SO61190
SO61190
SO61190
SO61190
SO61190
SO61190
SO61190
SO61190
SO61190
SO61190
SO61190
SO61190
SO61190
SO61190
SO61190
SO61190
SO61190
SO61190
SO61190
SO61190
SO61190
SO61190
SO61190
SO61190
SO61190
SO61190
SO61190
SO61190
SO61190
SO61190
SO61190
SO61190
SO61190
SO61190
SO61191
SO61192
SO61193
SO61193
SO61193
SO61193
SO61193
SO61193
SO61193
SO61193
SO61193
SO61193
SO61193
SO61193
SO61193
SO61193
SO61193
SO61193
SO61193
SO61193
SO61193
SO61193
SO61194
SO61194
SO61194
SO61195
SO61195
SO61195
SO61195
SO61195
SO61195
SO61195
SO61195
SO61195
SO61195
SO61195
SO61195
SO61195
SO61195
SO61195
SO61195
SO61195
SO61195
SO61195
SO61195
SO61195
SO61195
SO61195
SO61195
SO61195
SO61195
SO61195
SO61195
SO61195
SO61196
SO61196
SO61196
SO61196
SO61196
SO61196
SO61196
SO61196
SO61196
SO61196
SO61196
SO61196
SO61196
SO61196
SO61196
SO61196
SO61196
SO61196
SO61196
SO61196
SO61196
SO61196
SO61197
SO61197
SO61197
SO61198
SO61199
SO61199
SO61199
SO61199
SO61199
SO61199
SO61199
SO61199
SO61199
SO61199
SO61199
SO61199
SO61199
SO61199
SO61199
SO61199
SO61199
SO61199
SO61199
SO61199
SO61199
SO61199
SO61200
SO61200
SO61200
SO61200
SO61200
SO61200
SO61200
SO61200
SO61200
SO61200
SO61200
SO61200
SO61200
SO61200
SO61200
SO61200
SO61200
SO61200
SO61200
SO61200
SO61200
SO61200
SO61200
SO61201
SO61201
SO61201
SO61201
SO61202
SO61202
SO61202
SO61202
SO61203
SO61204
SO61204
SO61204
SO61204
SO61204
SO61204
SO61204
SO61204
SO61204
SO61204
SO61204
SO61204
SO61204
SO61204
SO61204
SO61204
SO61204
SO61204
SO61204
SO61204
SO61204
SO61204
SO61204
SO61204
SO61204
SO61204
SO61204
SO61204
SO61204
SO61204
SO61204
SO61204
SO61204
SO61205
SO61206
SO61207
SO61207
SO61208
SO61208
SO61208
SO61208
SO61208
SO61209
SO61209
SO61209
SO61209
SO61209
SO61209
SO61209
SO61209
SO61209
SO61209
SO61209
SO61209
SO61209
SO61209
SO61209
SO61209
SO61209
SO61209
SO61209
SO61209
SO61209
SO61209
SO61209
SO61209
SO61210
SO61210
SO61210
SO61210
SO61210
SO61210
SO61210
SO61210
SO61210
SO61210
SO61210
SO61210
SO61210
SO61210
SO61210
SO61210
SO61210
SO61210
SO61210
SO61210
SO61210
SO61210
SO61210
SO61210
SO61210
SO61210
SO61210
SO61211
SO61211
SO61211
SO61211
SO61211
SO61211
SO61211
SO61211
SO61211
SO61211
SO61211
SO61211
SO61211
SO61211
SO61211
SO61211
SO61211
SO61211
SO61211
SO61211
SO61211
SO61212
SO61212
SO61212
SO61212
SO61212
SO61212
SO61212
SO61213
SO61213
SO61213
SO61213
SO61214
SO61214
SO61214
SO61214
SO61214
SO61214
SO61215
SO61215
SO61215
SO61215
SO61215
SO61216
SO61216
SO61216
SO61216
SO61216
SO61216
SO61216
SO61216
SO61216
SO61216
SO61216
SO61216
SO61216
SO61216
SO61216
SO61216
SO61216
SO61216
SO61216
SO61216
SO61216
SO61216
SO61216
SO61216
SO61216
SO61216
SO61216
SO61216
SO61216
SO61216
SO61217
SO61217
SO61217
SO61217
SO61217
SO61217
SO61217
SO61217
SO61217
SO61217
SO61217
SO61217
SO61217
SO61217
SO61217
SO61217
SO61217
SO61217
SO61217
SO61217
SO61217
SO61218
SO61218
SO61218
SO61218
SO61218
SO61218
SO61218
SO61218
SO61218
SO61218
SO61218
SO61218
SO61218
SO61218
SO61218
SO61218
SO61218
SO61218
SO61218
SO61218
SO61218
SO61218
SO61218
SO61218
SO61218
SO61218
SO61218
SO61218
SO61218
SO61218
SO61218
SO61218
SO61218
SO61218
SO61218
SO61218
SO61218
SO61218
SO61218
SO61218
SO61218
SO61218
SO61218
SO61218
SO61218
SO61218
SO61219
SO61219
SO61219
SO61219
SO61219
SO61219
SO61219
SO61219
SO61219
SO61219
SO61219
SO61219
SO61219
SO61219
SO61219
SO61219
SO61219
SO61219
SO61219
SO61219
SO61220
SO61220
SO61220
SO61221
SO61221
SO61221
SO61222
SO61222
SO61222
SO61222
SO61222
SO61222
SO61222
SO61222
SO61222
SO61222
SO61222
SO61222
SO61222
SO61222
SO61222
SO61222
SO61222
SO61222
SO61222
SO61222
SO61223
SO61223
SO61223
SO61223
SO61224
SO61224
SO61224
SO61224
SO61224
SO61224
SO61224
SO61224
SO61224
SO61224
SO61224
SO61224
SO61224
SO61224
SO61224
SO61224
SO61224
SO61224
SO61224
SO61224
SO61224
SO61224
SO61224
SO61224
SO61224
SO61224
SO61224
SO61224
SO61224
SO61225
SO61225
SO61225
SO61225
SO61225
SO61225
SO61225
SO61225
SO61226
SO61226
SO61226
SO61226
SO61226
SO61226
SO61226
SO61226
SO61226
SO61227
SO61227
SO61227
SO61227
SO61227
SO61227
SO61227
SO61227
SO61227
SO61227
SO61227
SO61227
SO61227
SO61227
SO61227
SO61227
SO61227
SO61227
SO61227
SO61227
SO61227
SO61227
SO61227
SO61227
SO61227
SO61227
SO61227
SO61227
SO61227
SO61227
SO61227
SO61227
SO61227
SO61228
SO61228
SO61228
SO61228
SO61228
SO61228
SO61228
SO61228
SO61228
SO61228
SO61228
SO61228
SO61228
SO61228
SO61228
SO61228
SO61228
SO61228
SO61228
SO61228
SO61228
SO61228
SO61228
SO61228
SO61228
SO61228
SO61228
SO61228
SO61228
SO61228
SO61228
SO61228
SO61228
SO61228
SO61228
SO61229
SO61229
SO61229
SO61229
SO61229
SO61229
SO61229
SO61229
SO61229
SO61229
SO61229
SO61229
SO61229
SO61229
SO61229
SO61229
SO61229
SO61229
SO61229
SO61229
SO61229
SO61229
SO61229
SO61229
SO61229
SO61229
SO61229
SO61229
SO61229
SO61229
SO61229
SO61229
SO61229
SO61229
SO61229
SO61229
SO61229
SO61229
SO61229
SO61229
SO61229
SO61229
SO61229
SO61229
SO61229
SO61230
SO61230
SO61230
SO61230
SO61230
SO61230
SO61230
SO61230
SO61230
SO61230
SO61230
SO61230
SO61230
SO61230
SO61230
SO61230
SO61230
SO61230
SO61230
SO61230
SO61230
SO61230
SO61230
SO61230
SO61230
SO61230
SO61230
SO61230
SO61230
SO61230
SO61230
SO61231
SO61231
SO61231
SO61231
SO61232
SO61232
SO61232
SO61232
SO61232
SO61232
SO61232
SO61232
SO61232
SO61232
SO61233
SO61234
SO61234
SO61234
SO61234
SO61234
SO61234
SO61234
SO61234
SO61234
SO61235
SO61235
SO61235
SO61235
SO61235
SO61235
SO61235
SO61235
SO61235
SO61235
SO61235
SO61235
SO61235
SO61235
SO61235
SO61235
SO61235
SO61235
SO61235
SO61235
SO61236
SO61236
SO61236
SO61236
SO61236
SO61236
SO61236
SO61237
SO61237
SO61237
SO61237
SO61238
SO61238
SO61238
SO61238
SO61238
SO61238
SO61238
SO61238
SO61238
SO61238
SO61238
SO61238
SO61238
SO61238
SO61238
SO61238
SO61238
SO61238
SO61238
SO61238
SO61238
SO61238
SO61238
SO61238
SO61238
SO61238
SO61238
SO61238
SO61238
SO61238
SO61238
SO61238
SO61238
SO61238
SO61238
SO61239
SO61239
SO61239
SO61239
SO61239
SO61239
SO61239
SO61239
SO61239
SO61239
SO61239
SO61239
SO61239
SO61239
SO61239
SO61239
SO61239
SO61239
SO61239
SO61239
SO61239
SO61239
SO61239
SO61239
SO61239
SO61239
SO61239
SO61239
SO61239
SO61239
SO61239
SO61239
SO61239
SO61239
SO61239
SO61239
SO61239
SO61239
SO61239
SO61239
SO61239
SO61239
SO61240
SO61240
SO61240
SO61240
SO61240
SO61240
SO61240
SO61240
SO61240
SO61240
SO61240
SO61240
SO61240
SO61240
SO61240
SO61240
SO61240
SO61240
SO61240
SO61240
SO61240
SO61240
SO61240
SO61240
SO61240
SO61240
SO61240
SO61240
SO61240
SO61240
SO61240
SO61240
SO61241
SO61241
SO61241
SO61241
SO61241
SO61241
SO61241
SO61241
SO61241
SO61241
SO61241
SO61241
SO61241
SO61242
SO61242
SO61243
SO61243
SO61243
SO61243
SO61243
SO61243
SO61243
SO61243
SO61243
SO61243
SO61243
SO61243
SO61243
SO61243
SO61243
SO61243
SO61243
SO61243
SO61243
SO61243
SO61243
SO61243
SO61243
SO61243
SO61243
SO61243
SO61243
SO61243
SO61243
SO61244
SO61244
SO61244
SO61244
SO61244
SO61244
SO61244
SO61244
SO61244
SO61244
SO61244
SO61244
SO61244
SO61244
SO61244
SO61244
SO61244
SO61244
SO61244
SO61244
SO61244
SO61244
SO61244
SO61244
SO61244
SO61244
SO61244
SO61244
SO61244
SO61244
SO61244
SO61245
SO61246
SO61246
SO61246
SO61247
SO61247
SO61247
SO61247
SO61247
SO61247
SO61248
SO61248
SO61248
SO61248
SO61248
SO61248
SO61248
SO61248
SO61248
SO61248
SO61248
SO61248
SO61248
SO61248
SO61248
SO61248
SO61248
SO61248
SO61248
SO61248
SO61248
SO61248
SO61248
SO61248
SO61248
SO61248
SO61248
SO61248
SO61248
SO61248
SO61248
SO61248
SO61248
SO61248
SO61248
SO61248
SO61248
SO61248
SO61248
SO61248
SO61248
SO61248
SO61248
SO61248
SO61248
SO61248
SO61248
SO61248
SO61248
SO61249
SO61249
SO61249
SO61249
SO61249
SO61249
SO61249
SO61249
SO61249
SO61249
SO61249
SO61249
SO61249
SO61249
SO61249
SO61249
SO61249
SO61249
SO61249
SO61249
SO61250
SO61250
SO61250
SO61251
SO61251
SO61252
SO61252
SO61253
SO61253
SO61254
SO61254
SO61254
SO61254
SO61254
SO61255
SO61255
SO61255
SO61255
SO61256
SO61256
SO61257
SO61257
SO61257
SO61257
SO61257
SO61257
SO61257
SO61257
SO61258
SO61258
SO61258
SO61258
SO61258
SO61258
SO61258
SO61258
SO61258
SO61258
SO61258
SO61258
SO61258
SO61258
SO61258
SO61258
SO61258
SO61258
SO61258
SO61258
SO61259
SO61260
SO61261
SO61263
SO61263
SO61263
SO61263
SO61263
SO61263
SO61263
SO61263
SO61263
SO61263
SO61263
SO61263
SO61263
SO61263
SO61263
SO61263
SO61263
SO61263
SO61263
SO61263
SO61263
SO61263
SO61263
SO61263
SO61263
SO61263
SO61263
SO61263
SO61263
SO61263
SO61263
SO61263
SO61264
SO61264
SO61264
SO61264
SO61264
SO61264
SO61264
SO61264
SO61264
SO61264
SO61264
SO61264
SO61264
SO61264
SO61264
SO61264
SO61264
SO61264
SO61264
SO61264
SO61266
SO61266
SO61266
SO61266
SO61266
SO61266
SO61266
SO61266
SO61266
SO61267
SO61267
SO61267
SO61267
SO61267
SO61267
SO61267
SO61267
SO61267
SO61267
SO61267
SO61267
SO61267
SO61267
SO61267
SO61268
SO63119
SO63120
SO63120
SO63120
SO63121
SO63121
SO63122
SO63122
SO63122
SO63123
SO63123
SO63123
SO63123
SO63123
SO63123
SO63123
SO63123
SO63123
SO63123
SO63123
SO63123
SO63123
SO63123
SO63123
SO63123
SO63123
SO63123
SO63123
SO63123
SO63124
SO63124
SO63124
SO63124
SO63124
SO63124
SO63124
SO63124
SO63124
SO63124
SO63124
SO63124
SO63124
SO63124
SO63124
SO63124
SO63125
SO63125
SO63125
SO63125
SO63125
SO63125
SO63125
SO63125
SO63125
SO63125
SO63126
SO63127
SO63127
SO63127
SO63127
SO63127
SO63127
SO63127
SO63127
SO63127
SO63128
SO63128
SO63128
SO63128
SO63128
SO63128
SO63128
SO63128
SO63128
SO63128
SO63128
SO63128
SO63128
SO63128
SO63128
SO63128
SO63128
SO63128
SO63128
SO63128
SO63129
SO63129
SO63129
SO63130
SO63130
SO63130
SO63130
SO63130
SO63130
SO63130
SO63131
SO63131
SO63131
SO63131
SO63131
SO63131
SO63131
SO63131
SO63131
SO63131
SO63131
SO63131
SO63131
SO63131
SO63131
SO63131
SO63131
SO63131
SO63131
SO63131
SO63131
SO63131
SO63131
SO63131
SO63131
SO63131
SO63132
SO63132
SO63132
SO63132
SO63132
SO63132
SO63132
SO63132
SO63132
SO63132
SO63132
SO63132
SO63132
SO63132
SO63132
SO63132
SO63132
SO63132
SO63132
SO63132
SO63132
SO63132
SO63132
SO63132
SO63132
SO63132
SO63132
SO63132
SO63133
SO63133
SO63133
SO63133
SO63133
SO63133
SO63133
SO63133
SO63133
SO63133
SO63133
SO63133
SO63133
SO63133
SO63133
SO63133
SO63133
SO63133
SO63133
SO63133
SO63133
SO63133
SO63133
SO63133
SO63133
SO63133
SO63133
SO63133
SO63133
SO63133
SO63133
SO63133
SO63133
SO63133
SO63133
SO63133
SO63134
SO63134
SO63134
SO63134
SO63134
SO63135
SO63135
SO63135
SO63135
SO63136
SO63136
SO63136
SO63136
SO63136
SO63136
SO63136
SO63136
SO63136
SO63136
SO63136
SO63136
SO63136
SO63136
SO63136
SO63136
SO63136
SO63136
SO63136
SO63136
SO63136
SO63136
SO63136
SO63136
SO63136
SO63137
SO63137
SO63137
SO63137
SO63138
SO63138
SO63138
SO63138
SO63138
SO63138
SO63139
SO63139
SO63139
SO63139
SO63139
SO63139
SO63139
SO63140
SO63140
SO63140
SO63140
SO63140
SO63140
SO63140
SO63140
SO63140
SO63140
SO63140
SO63140
SO63140
SO63140
SO63140
SO63140
SO63140
SO63140
SO63140
SO63140
SO63140
SO63140
SO63140
SO63141
SO63141
SO63141
SO63141
SO63141
SO63141
SO63141
SO63141
SO63141
SO63141
SO63141
SO63141
SO63141
SO63141
SO63141
SO63141
SO63141
SO63141
SO63141
SO63142
SO63143
SO63143
SO63144
SO63144
SO63144
SO63144
SO63145
SO63145
SO63145
SO63145
SO63145
SO63145
SO63145
SO63146
SO63146
SO63146
SO63146
SO63146
SO63146
SO63147
SO63148
SO63148
SO63148
SO63148
SO63148
SO63148
SO63148
SO63148
SO63148
SO63148
SO63148
SO63148
SO63148
SO63148
SO63148
SO63148
SO63148
SO63148
SO63148
SO63148
SO63148
SO63148
SO63148
SO63148
SO63148
SO63148
SO63148
SO63149
SO63149
SO63149
SO63149
SO63149
SO63149
SO63149
SO63149
SO63149
SO63149
SO63149
SO63149
SO63149
SO63149
SO63149
SO63149
SO63149
SO63149
SO63149
SO63149
SO63149
SO63149
SO63149
SO63149
SO63149
SO63149
SO63149
SO63149
SO63149
SO63149
SO63149
SO63149
SO63150
SO63151
SO63151
SO63151
SO63151
SO63152
SO63152
SO63152
SO63152
SO63152
SO63152
SO63152
SO63152
SO63152
SO63152
SO63152
SO63152
SO63152
SO63152
SO63152
SO63153
SO63153
SO63153
SO63153
SO63153
SO63153
SO63153
SO63153
SO63153
SO63153
SO63154
SO63155
SO63155
SO63155
SO63155
SO63155
SO63155
SO63155
SO63155
SO63155
SO63155
SO63155
SO63155
SO63155
SO63155
SO63155
SO63155
SO63155
SO63155
SO63155
SO63155
SO63156
SO63156
SO63156
SO63156
SO63156
SO63156
SO63156
SO63156
SO63156
SO63156
SO63156
SO63156
SO63156
SO63156
SO63156
SO63156
SO63156
SO63156
SO63157
SO63157
SO63157
SO63157
SO63157
SO63157
SO63157
SO63157
SO63157
SO63157
SO63157
SO63157
SO63157
SO63157
SO63157
SO63157
SO63157
SO63157
SO63157
SO63157
SO63157
SO63157
SO63157
SO63157
SO63157
SO63157
SO63157
SO63157
SO63157
SO63157
SO63157
SO63157
SO63157
SO63157
SO63157
SO63157
SO63157
SO63157
SO63157
SO63157
SO63157
SO63157
SO63157
SO63157
SO63157
SO63157
SO63158
SO63158
SO63158
SO63159
SO63159
SO63159
SO63160
SO63160
SO63161
SO63161
SO63162
SO63162
SO63162
SO63163
SO63163
SO63163
SO63163
SO63164
SO63164
SO63165
SO63165
SO63167
SO63167
SO63167
SO63167
SO63167
SO63167
SO63167
SO63167
SO63167
SO63167
SO63167
SO63167
SO63167
SO63167
SO63167
SO63167
SO63168
SO63168
SO63169
SO63169
SO63170
SO63170
SO63170
SO63170
SO63170
SO63170
SO63170
SO63170
SO63170
SO63170
SO63170
SO63170
SO63170
SO63170
SO63170
SO63170
SO63170
SO63170
SO63170
SO63170
SO63170
SO63170
SO63170
SO63170
SO63170
SO63170
SO63170
SO63170
SO63170
SO63170
SO63170
SO63170
SO63170
SO63170
SO63170
SO63170
SO63170
SO63171
SO63171
SO63171
SO63171
SO63171
SO63171
SO63171
SO63171
SO63171
SO63171
SO63171
SO63171
SO63171
SO63171
SO63171
SO63171
SO63171
SO63171
SO63171
SO63171
SO63171
SO63171
SO63171
SO63171
SO63171
SO63171
SO63171
SO63171
SO63171
SO63171
SO63171
SO63171
SO63171
SO63171
SO63171
SO63171
SO63171
SO63171
SO63171
SO63171
SO63171
SO63171
SO63171
SO63172
SO63172
SO63173
SO63173
SO63173
SO63173
SO63173
SO63173
SO63173
SO63173
SO63173
SO63173
SO63173
SO63173
SO63173
SO63173
SO63173
SO63173
SO63173
SO63173
SO63173
SO63173
SO63173
SO63174
SO63174
SO63174
SO63174
SO63174
SO63174
SO63174
SO63174
SO63174
SO63174
SO63174
SO63174
SO63174
SO63174
SO63174
SO63174
SO63174
SO63174
SO63174
SO63174
SO63174
SO63174
SO63174
SO63174
SO63175
SO63175
SO63175
SO63175
SO63175
SO63175
SO63175
SO63175
SO63175
SO63175
SO63176
SO63176
SO63176
SO63176
SO63176
SO63176
SO63176
SO63177
SO63177
SO63177
SO63177
SO63177
SO63177
SO63177
SO63177
SO63177
SO63177
SO63177
SO63177
SO63177
SO63177
SO63177
SO63177
SO63177
SO63177
SO63177
SO63177
SO63177
SO63177
SO63177
SO63177
SO63177
SO63177
SO63178
SO63178
SO63178
SO63178
SO63179
SO63179
SO63179
SO63179
SO63179
SO63179
SO63179
SO63179
SO63179
SO63179
SO63179
SO63179
SO63179
SO63179
SO63179
SO63179
SO63179
SO63179
SO63179
SO63179
SO63179
SO63179
SO63179
SO63179
SO63179
SO63179
SO63179
SO63179
SO63179
SO63179
SO63179
SO63179
SO63179
SO63179
SO63179
SO63179
SO63179
SO63179
SO63179
SO63179
SO63179
SO63179
SO63179
SO63179
SO63179
SO63180
SO63180
SO63180
SO63180
SO63180
SO63180
SO63180
SO63180
SO63180
SO63180
SO63180
SO63180
SO63180
SO63180
SO63180
SO63180
SO63180
SO63180
SO63180
SO63180
SO63180
SO63181
SO63181
SO63181
SO63181
SO63181
SO63181
SO63181
SO63181
SO63181
SO63181
SO63181
SO63181
SO63181
SO63181
SO63181
SO63181
SO63181
SO63181
SO63181
SO63181
SO63181
SO63181
SO63181
SO63181
SO63181
SO63181
SO63181
SO63181
SO63181
SO63181
SO63182
SO63182
SO63182
SO63182
SO63182
SO63182
SO63182
SO63182
SO63182
SO63182
SO63182
SO63182
SO63183
SO63183
SO63183
SO63183
SO63183
SO63183
SO63183
SO63183
SO63184
SO63184
SO63184
SO63185
SO63186
SO63186
SO63187
SO63188
SO63188
SO63188
SO63188
SO63189
SO63189
SO63189
SO63190
SO63191
SO63191
SO63191
SO63191
SO63191
SO63191
SO63192
SO63192
SO63192
SO63192
SO63192
SO63193
SO63193
SO63193
SO63194
SO63194
SO63194
SO63194
SO63194
SO63194
SO63194
SO63194
SO63194
SO63194
SO63194
SO63194
SO63194
SO63194
SO63194
SO63194
SO63194
SO63194
SO63194
SO63194
SO63194
SO63194
SO63194
SO63194
SO63194
SO63195
SO63195
SO63195
SO63195
SO63195
SO63196
SO63196
SO63197
SO63197
SO63197
SO63198
SO63198
SO63198
SO63198
SO63199
SO63199
SO63199
SO63200
SO63200
SO63200
SO63200
SO63200
SO63200
SO63200
SO63200
SO63200
SO63200
SO63200
SO63200
SO63200
SO63200
SO63200
SO63200
SO63200
SO63200
SO63200
SO63200
SO63200
SO63200
SO63200
SO63200
SO63200
SO63200
SO63200
SO63200
SO63200
SO63200
SO63200
SO63200
SO63200
SO63200
SO63200
SO63200
SO63200
SO63200
SO63200
SO63200
SO63200
SO63200
SO63200
SO63201
SO63201
SO63201
SO63201
SO63201
SO63201
SO63201
SO63201
SO63201
SO63201
SO63201
SO63201
SO63201
SO63201
SO63201
SO63201
SO63201
SO63201
SO63201
SO63201
SO63201
SO63201
SO63201
SO63201
SO63201
SO63202
SO63202
SO63202
SO63202
SO63202
SO63202
SO63202
SO63202
SO63202
SO63202
SO63202
SO63202
SO63202
SO63202
SO63202
SO63202
SO63202
SO63202
SO63202
SO63202
SO63202
SO63202
SO63202
SO63203
SO63204
SO63204
SO63204
SO63204
SO63204
SO63204
SO63204
SO63204
SO63204
SO63204
SO63204
SO63204
SO63204
SO63204
SO63204
SO63204
SO63204
SO63204
SO63204
SO63204
SO63204
SO63204
SO63204
SO63204
SO63205
SO63205
SO63205
SO63206
SO63207
SO63207
SO63208
SO63209
SO63209
SO63209
SO63209
SO63209
SO63209
SO63209
SO63209
SO63209
SO63209
SO63209
SO63209
SO63209
SO63209
SO63209
SO63209
SO63209
SO63209
SO63209
SO63209
SO63209
SO63209
SO63209
SO63209
SO63210
SO63210
SO63210
SO63210
SO63210
SO63210
SO63210
SO63210
SO63210
SO63210
SO63210
SO63210
SO63210
SO63210
SO63210
SO63210
SO63210
SO63210
SO63210
SO63211
SO63211
SO63211
SO63211
SO63211
SO63212
SO63212
SO63212
SO63212
SO63212
SO63212
SO63212
SO63212
SO63213
SO63213
SO63213
SO63213
SO63213
SO63213
SO63213
SO63213
SO63213
SO63213
SO63213
SO63213
SO63213
SO63213
SO63213
SO63213
SO63213
SO63213
SO63213
SO63213
SO63213
SO63214
SO63214
SO63214
SO63214
SO63214
SO63214
SO63214
SO63214
SO63214
SO63214
SO63214
SO63214
SO63214
SO63214
SO63214
SO63214
SO63214
SO63214
SO63214
SO63214
SO63214
SO63214
SO63214
SO63214
SO63214
SO63214
SO63214
SO63214
SO63214
SO63214
SO63214
SO63214
SO63214
SO63214
SO63214
SO63214
SO63214
SO63214
SO63214
SO63214
SO63214
SO63214
SO63214
SO63214
SO63215
SO63215
SO63215
SO63216
SO63216
SO63216
SO63216
SO63216
SO63216
SO63216
SO63216
SO63216
SO63216
SO63216
SO63216
SO63216
SO63216
SO63216
SO63216
SO63216
SO63216
SO63216
SO63216
SO63216
SO63216
SO63216
SO63216
SO63216
SO63216
SO63216
SO63216
SO63216
SO63216
SO63216
SO63216
SO63216
SO63216
SO63216
SO63216
SO63216
SO63216
SO63216
SO63216
SO63216
SO63216
SO63216
SO63216
SO63216
SO63216
SO63216
SO63216
SO63216
SO63217
SO63217
SO63217
SO63217
SO63217
SO63217
SO63217
SO63217
SO63217
SO63217
SO63217
SO63217
SO63217
SO63217
SO63217
SO63217
SO63217
SO63217
SO63217
SO63217
SO63218
SO63218
SO63218
SO63218
SO63218
SO63218
SO63218
SO63218
SO63218
SO63218
SO63218
SO63219
SO63219
SO63219
SO63219
SO63219
SO63219
SO63219
SO63219
SO63219
SO63219
SO63219
SO63219
SO63219
SO63219
SO63219
SO63219
SO63219
SO63219
SO63219
SO63219
SO63219
SO63220
SO63220
SO63220
SO63220
SO63220
SO63220
SO63221
SO63222
SO63222
SO63222
SO63222
SO63222
SO63222
SO63222
SO63222
SO63222
SO63222
SO63222
SO63222
SO63222
SO63222
SO63222
SO63222
SO63222
SO63222
SO63223
SO63223
SO63223
SO63223
SO63223
SO63223
SO63223
SO63223
SO63223
SO63223
SO63223
SO63223
SO63223
SO63223
SO63223
SO63223
SO63223
SO63223
SO63223
SO63223
SO63223
SO63223
SO63223
SO63223
SO63223
SO63223
SO63223
SO63223
SO63223
SO63223
SO63223
SO63223
SO63223
SO63223
SO63223
SO63223
SO63223
SO63223
SO63224
SO63224
SO63224
SO63224
SO63224
SO63224
SO63224
SO63224
SO63224
SO63224
SO63224
SO63224
SO63224
SO63224
SO63224
SO63224
SO63224
SO63224
SO63224
SO63224
SO63224
SO63224
SO63224
SO63225
SO63225
SO63225
SO63225
SO63225
SO63225
SO63225
SO63225
SO63225
SO63225
SO63225
SO63225
SO63225
SO63225
SO63225
SO63225
SO63225
SO63225
SO63225
SO63226
SO63227
SO63227
SO63228
SO63228
SO63228
SO63228
SO63228
SO63228
SO63228
SO63229
SO63229
SO63229
SO63230
SO63230
SO63230
SO63230
SO63231
SO63232
SO63232
SO63233
SO63233
SO63233
SO63233
SO63233
SO63233
SO63233
SO63233
SO63233
SO63233
SO63233
SO63233
SO63233
SO63233
SO63233
SO63233
SO63233
SO63233
SO63233
SO63233
SO63233
SO63233
SO63233
SO63233
SO63233
SO63233
SO63233
SO63233
SO63233
SO63233
SO63233
SO63233
SO63233
SO63234
SO63234
SO63234
SO63235
SO63235
SO63235
SO63235
SO63236
SO63236
SO63237
SO63237
SO63237
SO63237
SO63238
SO63239
SO63239
SO63239
SO63239
SO63239
SO63239
SO63239
SO63239
SO63239
SO63239
SO63239
SO63239
SO63239
SO63239
SO63239
SO63239
SO63239
SO63239
SO63239
SO63239
SO63239
SO63239
SO63239
SO63239
SO63239
SO63239
SO63240
SO63240
SO63240
SO63240
SO63240
SO63240
SO63240
SO63240
SO63240
SO63240
SO63240
SO63240
SO63240
SO63240
SO63240
SO63240
SO63240
SO63240
SO63240
SO63240
SO63240
SO63240
SO63241
SO63241
SO63241
SO63241
SO63241
SO63241
SO63241
SO63241
SO63241
SO63241
SO63241
SO63241
SO63241
SO63241
SO63241
SO63241
SO63241
SO63241
SO63241
SO63241
SO63241
SO63241
SO63241
SO63242
SO63242
SO63242
SO63242
SO63243
SO63243
SO63243
SO63244
SO63244
SO63244
SO63244
SO63244
SO63244
SO63244
SO63244
SO63245
SO63245
SO63245
SO63245
SO63245
SO63245
SO63245
SO63245
SO63245
SO63245
SO63245
SO63245
SO63245
SO63245
SO63245
SO63245
SO63245
SO63245
SO63245
SO63245
SO63245
SO63245
SO63245
SO63245
SO63245
SO63245
SO63246
SO63246
SO63246
SO63246
SO63246
SO63246
SO63246
SO63246
SO63246
SO63246
SO63246
SO63246
SO63246
SO63247
SO63247
SO63247
SO63247
SO63247
SO63247
SO63247
SO63247
SO63247
SO63247
SO63247
SO63247
SO63247
SO63247
SO63247
SO63247
SO63247
SO63247
SO63247
SO63248
SO63249
SO63249
SO63249
SO63249
SO63249
SO63249
SO63249
SO63249
SO63249
SO63249
SO63249
SO63249
SO63249
SO63249
SO63249
SO63249
SO63249
SO63249
SO63250
SO63251
SO63251
SO63251
SO63251
SO63251
SO63251
SO63251
SO63251
SO63251
SO63251
SO63251
SO63251
SO63251
SO63251
SO63251
SO63251
SO63251
SO63251
SO63251
SO63251
SO63251
SO63251
SO63251
SO63251
SO63252
SO63252
SO63252
SO63252
SO63252
SO63252
SO63252
SO63252
SO63252
SO63252
SO63252
SO63252
SO63252
SO63252
SO63252
SO63252
SO63252
SO63252
SO63252
SO63252
SO63252
SO63252
SO63252
SO63252
SO63252
SO63252
SO63252
SO63252
SO63252
SO63252
SO63252
SO63252
SO63252
SO63252
SO63252
SO63253
SO63254
SO63254
SO63254
SO63254
SO63254
SO63254
SO63254
SO63254
SO63254
SO63255
SO63255
SO63255
SO63256
SO63256
SO63257
SO63257
SO63257
SO63257
SO63257
SO63257
SO63257
SO63257
SO63257
SO63257
SO63257
SO63257
SO63257
SO63257
SO63257
SO63257
SO63257
SO63257
SO63257
SO63257
SO63257
SO63257
SO63257
SO63257
SO63257
SO63257
SO63257
SO63257
SO63257
SO63257
SO63257
SO63258
SO63258
SO63259
SO63260
SO63260
SO63260
SO63261
SO63261
SO63261
SO63261
SO63261
SO63261
SO63261
SO63261
SO63261
SO63262
SO63262
SO63262
SO63262
SO63262
SO63262
SO63262
SO63262
SO63262
SO63262
SO63262
SO63262
SO63262
SO63262
SO63262
SO63262
SO63262
SO63262
SO63262
SO63263
SO63263
SO63263
SO63263
SO63263
SO63263
SO63263
SO63263
SO63263
SO63263
SO63263
SO63263
SO63263
SO63263
SO63263
SO63263
SO63263
SO63264
SO63264
SO63264
SO63264
SO63265
SO63266
SO63266
SO63266
SO63266
SO63266
SO63266
SO63266
SO63266
SO63266
SO63266
SO63266
SO63266
SO63266
SO63266
SO63266
SO63266
SO63266
SO63266
SO63266
SO63266
SO63266
SO63266
SO63266
SO63266
SO63266
SO63266
SO63267
SO63267
SO63267
SO63268
SO63268
SO63268
SO63268
SO63269
SO63269
SO63269
SO63269
SO63269
SO63269
SO63269
SO63269
SO63269
SO63269
SO63270
SO63270
SO63270
SO63271
SO63271
SO63271
SO63272
SO63272
SO63272
SO63272
SO63273
SO63274
SO63275
SO63276
SO63277
SO63277
SO63277
SO63277
SO63277
SO63277
SO63277
SO63277
SO63277
SO63277
SO63278
SO63278
SO63279
SO63279
SO63279
SO63279
SO63279
SO63279
SO63279
SO63279
SO63279
SO63279
SO63279
SO63279
SO63279
SO63279
SO63279
SO63279
SO63279
SO63279
SO63280
SO63280
SO63280
SO63280
SO63280
SO63280
SO63280
SO63280
SO63280
SO63280
SO63280
SO63280
SO63280
SO63280
SO63280
SO63280
SO63280
SO63280
SO63280
SO63280
SO63280
SO63280
SO63280
SO63280
SO63280
SO63280
SO63280
SO63280
SO63280
SO63280
SO63281
SO63281
SO63281
SO63281
SO63281
SO63281
SO63281
SO63281
SO63281
SO63281
SO63281
SO63281
SO63281
SO63281
SO63281
SO63281
SO63281
SO63281
SO63281
SO63281
SO63281
SO63281
SO63281
SO63281
SO63281
SO63282
SO63282
SO63282
SO63282
SO63282
SO63282
SO63282
SO63282
SO63282
SO63282
SO63282
SO63282
SO63282
SO63282
SO63282
SO63282
SO63282
SO63282
SO63282
SO63282
SO63282
SO63282
SO63282
SO63282
SO63283
SO63283
SO63283
SO63283
SO63283
SO63283
SO63283
SO63283
SO63283
SO63283
SO63283
SO63283
SO63283
SO63283
SO63283
SO63283
SO63283
SO63283
SO63283
SO63283
SO63283
SO63283
SO63283
SO63283
SO63283
SO63283
SO63283
SO63283
SO63283
SO63283
SO63283
SO63283
SO63283
SO63283
SO63283
SO63283
SO63284
SO63284
SO63284
SO63284
SO63284
SO63284
SO63284
SO63284
SO63284
SO63284
SO63284
SO63284
SO63284
SO63284
SO63284
SO63284
SO63284
SO63284
SO63284
SO63284
SO63284
SO63284
SO63284
SO63284
SO63284
SO63284
SO63284
SO63285
SO63285
SO63285
SO63285
SO63285
SO63285
SO63285
SO63285
SO63285
SO63285
SO63285
SO63285
SO63285
SO63285
SO63285
SO63285
SO63285
SO63285
SO63285
SO63285
SO63285
SO63285
SO63285
SO63285
SO63285
SO63285
SO63285
SO63285
SO63285
SO63285
SO63285
SO63285
SO63285
SO63285
SO63285
SO63286
SO63287
SO63287
SO63287
SO63287
SO63288
SO63288
SO63288
SO63288
SO63288
SO63288
SO63288
SO63289
SO63289
SO63289
SO63290
SO63290
SO63290
SO63290
SO63290
SO63290
SO63290
SO63290
SO63290
SO63290
SO63290
SO63290
SO63290
SO63290
SO63290
SO63290
SO63290
SO63290
SO63290
SO63290
SO63290
SO63290
SO63290
SO63291
SO63291
SO63291
SO63291
SO63291
SO63291
SO63291
SO63291
SO63291
SO63291
SO63291
SO63291
SO63291
SO63291
SO63291
SO63291
SO63291
SO63291
SO63291
SO63291
SO63291
SO63291
SO63291
SO63291
SO63291
SO63291
SO63291
SO63291
SO63291
SO63291
SO63291
SO63291
SO63291
SO63291
SO63291
SO63291
SO63291
SO63291
SO63292
SO63293
SO63293
SO63293
SO63293
SO63293
SO63293
SO63293
SO63293
SO63293
SO63293
SO63293
SO63293
SO63293
SO63293
SO63293
SO65089
SO65151
SO65152
SO65152
SO65152
SO65152
SO65152
SO65152
SO65152
SO65152
SO65152
SO65152
SO65153
SO65153
SO65153
SO65153
SO65153
SO65154
SO65154
SO65154
SO65154
SO65154
SO65154
SO65154
SO65154
SO65154
SO65154
SO65154
SO65154
SO65154
SO65154
SO65154
SO65154
SO65154
SO65154
SO65154
SO65154
SO65154
SO65154
SO65154
SO65155
SO65155
SO65155
SO65155
SO65155
SO65155
SO65155
SO65155
SO65155
SO65155
SO65155
SO65155
SO65155
SO65155
SO65155
SO65155
SO65155
SO65155
SO65155
SO65155
SO65155
SO65155
SO65155
SO65155
SO65155
SO65155
SO65156
SO65156
SO65156
SO65156
SO65156
SO65156
SO65156
SO65156
SO65156
SO65156
SO65156
SO65156
SO65156
SO65156
SO65156
SO65156
SO65156
SO65157
SO65157
SO65157
SO65157
SO65157
SO65157
SO65157
SO65157
SO65157
SO65157
SO65157
SO65157
SO65157
SO65157
SO65157
SO65157
SO65157
SO65157
SO65157
SO65157
SO65157
SO65157
SO65157
SO65157
SO65157
SO65157
SO65157
SO65157
SO65158
SO65158
SO65158
SO65158
SO65158
SO65158
SO65158
SO65158
SO65158
SO65158
SO65158
SO65158
SO65158
SO65158
SO65158
SO65158
SO65158
SO65158
SO65158
SO65158
SO65158
SO65158
SO65158
SO65158
SO65158
SO65158
SO65158
SO65158
SO65158
SO65158
SO65158
SO65158
SO65158
SO65158
SO65158
SO65158
SO65158
SO65158
SO65158
SO65158
SO65159
SO65159
SO65159
SO65159
SO65159
SO65159
SO65159
SO65159
SO65159
SO65159
SO65159
SO65159
SO65159
SO65159
SO65159
SO65159
SO65159
SO65160
SO65160
SO65160
SO65160
SO65160
SO65160
SO65160
SO65160
SO65160
SO65160
SO65160
SO65160
SO65160
SO65160
SO65160
SO65160
SO65160
SO65160
SO65160
SO65160
SO65160
SO65160
SO65160
SO65160
SO65160
SO65160
SO65160
SO65160
SO65160
SO65160
SO65160
SO65160
SO65160
SO65160
SO65160
SO65160
SO65160
SO65161
SO65161
SO65161
SO65161
SO65161
SO65162
SO65162
SO65162
SO65162
SO65163
SO65163
SO65163
SO65163
SO65163
SO65163
SO65163
SO65163
SO65163
SO65163
SO65163
SO65163
SO65163
SO65163
SO65163
SO65163
SO65163
SO65163
SO65163
SO65163
SO65163
SO65163
SO65163
SO65163
SO65163
SO65164
SO65164
SO65164
SO65164
SO65164
SO65164
SO65164
SO65164
SO65164
SO65164
SO65164
SO65164
SO65164
SO65164
SO65164
SO65164
SO65164
SO65164
SO65164
SO65164
SO65164
SO65164
SO65164
SO65164
SO65164
SO65164
SO65164
SO65164
SO65164
SO65164
SO65164
SO65164
SO65164
SO65164
SO65164
SO65164
SO65164
SO65164
SO65164
SO65164
SO65165
SO65165
SO65165
SO65165
SO65165
SO65166
SO65167
SO65167
SO65167
SO65167
SO65167
SO65167
SO65167
SO65167
SO65167
SO65167
SO65167
SO65167
SO65167
SO65167
SO65167
SO65168
SO65168
SO65168
SO65168
SO65168
SO65168
SO65168
SO65168
SO65168
SO65168
SO65168
SO65168
SO65168
SO65168
SO65168
SO65168
SO65168
SO65168
SO65168
SO65168
SO65169
SO65170
SO65170
SO65170
SO65170
SO65170
SO65170
SO65171
SO65171
SO65171
SO65171
SO65172
SO65172
SO65172
SO65172
SO65172
SO65172
SO65172
SO65172
SO65172
SO65172
SO65172
SO65172
SO65172
SO65172
SO65172
SO65172
SO65172
SO65172
SO65172
SO65172
SO65172
SO65172
SO65172
SO65172
SO65172
SO65172
SO65172
SO65172
SO65172
SO65172
SO65173
SO65173
SO65173
SO65173
SO65173
SO65173
SO65173
SO65173
SO65173
SO65173
SO65173
SO65173
SO65173
SO65173
SO65173
SO65173
SO65173
SO65173
SO65173
SO65173
SO65173
SO65173
SO65173
SO65173
SO65173
SO65174
SO65174
SO65174
SO65174
SO65174
SO65174
SO65174
SO65174
SO65174
SO65174
SO65174
SO65174
SO65174
SO65174
SO65174
SO65174
SO65174
SO65174
SO65174
SO65174
SO65174
SO65174
SO65174
SO65174
SO65174
SO65174
SO65174
SO65174
SO65174
SO65174
SO65174
SO65174
SO65174
SO65174
SO65174
SO65174
SO65174
SO65174
SO65174
SO65174
SO65174
SO65174
SO65174
SO65174
SO65174
SO65174
SO65174
SO65174
SO65175
SO65175
SO65175
SO65175
SO65175
SO65175
SO65175
SO65175
SO65175
SO65175
SO65175
SO65175
SO65175
SO65175
SO65176
SO65176
SO65176
SO65176
SO65176
SO65176
SO65176
SO65176
SO65176
SO65176
SO65176
SO65176
SO65176
SO65177
SO65177
SO65177
SO65177
SO65177
SO65177
SO65177
SO65177
SO65177
SO65177
SO65177
SO65177
SO65177
SO65177
SO65177
SO65177
SO65177
SO65177
SO65177
SO65177
SO65177
SO65177
SO65177
SO65177
SO65177
SO65177
SO65177
SO65177
SO65177
SO65177
SO65177
SO65177
SO65177
SO65177
SO65177
SO65177
SO65177
SO65178
SO65178
SO65178
SO65178
SO65178
SO65178
SO65178
SO65178
SO65178
SO65178
SO65178
SO65178
SO65178
SO65178
SO65178
SO65178
SO65178
SO65178
SO65179
SO65180
SO65180
SO65180
SO65180
SO65180
SO65181
SO65181
SO65181
SO65181
SO65181
SO65181
SO65182
SO65182
SO65182
SO65182
SO65182
SO65182
SO65182
SO65182
SO65182
SO65182
SO65182
SO65182
SO65182
SO65182
SO65182
SO65182
SO65182
SO65182
SO65182
SO65182
SO65182
SO65182
SO65182
SO65182
SO65183
SO65183
SO65183
SO65183
SO65183
SO65183
SO65183
SO65183
SO65183
SO65183
SO65183
SO65183
SO65183
SO65183
SO65183
SO65183
SO65183
SO65183
SO65183
SO65183
SO65184
SO65184
SO65184
SO65184
SO65184
SO65184
SO65184
SO65184
SO65184
SO65185
SO65185
SO65185
SO65185
SO65186
SO65186
SO65187
SO65188
SO65188
SO65188
SO65188
SO65188
SO65188
SO65188
SO65188
SO65188
SO65188
SO65188
SO65188
SO65188
SO65188
SO65188
SO65188
SO65188
SO65188
SO65188
SO65188
SO65188
SO65189
SO65189
SO65189
SO65189
SO65189
SO65189
SO65189
SO65189
SO65189
SO65189
SO65189
SO65189
SO65189
SO65189
SO65189
SO65189
SO65189
SO65189
SO65189
SO65189
SO65189
SO65189
SO65189
SO65189
SO65189
SO65189
SO65189
SO65189
SO65189
SO65189
SO65189
SO65189
SO65189
SO65190
SO65190
SO65190
SO65191
SO65191
SO65191
SO65191
SO65191
SO65191
SO65191
SO65191
SO65191
SO65191
SO65191
SO65191
SO65191
SO65191
SO65191
SO65191
SO65191
SO65191
SO65191
SO65191
SO65191
SO65191
SO65191
SO65191
SO65191
SO65191
SO65191
SO65191
SO65191
SO65191
SO65191
SO65191
SO65191
SO65191
SO65191
SO65191
SO65192
SO65192
SO65193
SO65194
SO65194
SO65194
SO65194
SO65194
SO65194
SO65194
SO65195
SO65195
SO65195
SO65195
SO65195
SO65195
SO65195
SO65195
SO65195
SO65195
SO65195
SO65195
SO65195
SO65195
SO65195
SO65195
SO65195
SO65195
SO65195
SO65195
SO65195
SO65195
SO65195
SO65195
SO65196
SO65196
SO65196
SO65197
SO65198
SO65198
SO65199
SO65199
SO65199
SO65199
SO65199
SO65199
SO65199
SO65199
SO65199
SO65199
SO65199
SO65199
SO65199
SO65199
SO65199
SO65199
SO65199
SO65199
SO65199
SO65199
SO65199
SO65199
SO65199
SO65199
SO65199
SO65199
SO65200
SO65200
SO65200
SO65200
SO65200
SO65200
SO65200
SO65200
SO65200
SO65200
SO65200
SO65200
SO65200
SO65200
SO65200
SO65200
SO65200
SO65200
SO65200
SO65200
SO65200
SO65200
SO65200
SO65200
SO65200
SO65200
SO65200
SO65200
SO65200
SO65200
SO65200
SO65200
SO65201
SO65201
SO65201
SO65201
SO65201
SO65201
SO65201
SO65201
SO65201
SO65201
SO65201
SO65201
SO65201
SO65201
SO65201
SO65201
SO65201
SO65201
SO65201
SO65201
SO65201
SO65201
SO65201
SO65201
SO65201
SO65202
SO65202
SO65202
SO65202
SO65202
SO65202
SO65202
SO65203
SO65203
SO65203
SO65203
SO65204
SO65205
SO65205
SO65205
SO65205
SO65205
SO65205
SO65205
SO65205
SO65205
SO65205
SO65205
SO65205
SO65205
SO65205
SO65205
SO65205
SO65205
SO65205
SO65205
SO65205
SO65205
SO65205
SO65205
SO65205
SO65205
SO65205
SO65205
SO65205
SO65206
SO65206
SO65206
SO65206
SO65206
SO65206
SO65206
SO65206
SO65206
SO65206
SO65206
SO65206
SO65206
SO65206
SO65206
SO65206
SO65206
SO65206
SO65206
SO65206
SO65206
SO65206
SO65206
SO65206
SO65206
SO65206
SO65206
SO65206
SO65206
SO65207
SO65207
SO65207
SO65207
SO65207
SO65207
SO65207
SO65207
SO65207
SO65207
SO65207
SO65207
SO65207
SO65207
SO65207
SO65207
SO65207
SO65207
SO65207
SO65207
SO65207
SO65207
SO65207
SO65207
SO65207
SO65207
SO65207
SO65207
SO65207
SO65207
SO65207
SO65207
SO65207
SO65207
SO65208
SO65208
SO65208
SO65208
SO65209
SO65209
SO65209
SO65209
SO65209
SO65209
SO65209
SO65209
SO65209
SO65209
SO65209
SO65209
SO65209
SO65209
SO65209
SO65209
SO65209
SO65209
SO65209
SO65210
SO65210
SO65210
SO65210
SO65210
SO65210
SO65210
SO65210
SO65210
SO65210
SO65210
SO65210
SO65210
SO65210
SO65210
SO65210
SO65210
SO65210
SO65210
SO65210
SO65210
SO65210
SO65211
SO65211
SO65211
SO65211
SO65212
SO65213
SO65213
SO65213
SO65213
SO65213
SO65213
SO65213
SO65213
SO65213
SO65213
SO65213
SO65213
SO65213
SO65213
SO65213
SO65213
SO65213
SO65214
SO65215
SO65215
SO65215
SO65215
SO65215
SO65215
SO65215
SO65215
SO65215
SO65215
SO65215
SO65215
SO65215
SO65215
SO65215
SO65215
SO65215
SO65216
SO65216
SO65216
SO65217
SO65218
SO65218
SO65218
SO65218
SO65218
SO65218
SO65218
SO65218
SO65218
SO65218
SO65218
SO65218
SO65218
SO65218
SO65218
SO65218
SO65218
SO65218
SO65218
SO65218
SO65219
SO65220
SO65220
SO65220
SO65220
SO65220
SO65220
SO65220
SO65220
SO65220
SO65220
SO65220
SO65220
SO65220
SO65220
SO65220
SO65220
SO65220
SO65220
SO65220
SO65220
SO65220
SO65220
SO65220
SO65220
SO65221
SO65221
SO65221
SO65221
SO65221
SO65221
SO65221
SO65221
SO65221
SO65221
SO65221
SO65221
SO65221
SO65221
SO65221
SO65221
SO65221
SO65221
SO65221
SO65221
SO65221
SO65221
SO65221
SO65221
SO65221
SO65221
SO65221
SO65221
SO65221
SO65222
SO65223
SO65224
SO65224
SO65224
SO65224
SO65224
SO65224
SO65224
SO65224
SO65224
SO65224
SO65224
SO65224
SO65224
SO65224
SO65224
SO65224
SO65224
SO65224
SO65224
SO65224
SO65224
SO65224
SO65225
SO65226
SO65226
SO65226
SO65226
SO65226
SO65226
SO65226
SO65226
SO65226
SO65226
SO65226
SO65226
SO65226
SO65226
SO65226
SO65226
SO65226
SO65226
SO65226
SO65226
SO65226
SO65226
SO65226
SO65226
SO65226
SO65226
SO65226
SO65226
SO65226
SO65226
SO65226
SO65226
SO65226
SO65227
SO65228
SO65228
SO65228
SO65228
SO65228
SO65228
SO65228
SO65228
SO65228
SO65228
SO65228
SO65228
SO65228
SO65228
SO65228
SO65228
SO65228
SO65228
SO65228
SO65228
SO65228
SO65228
SO65228
SO65228
SO65228
SO65228
SO65228
SO65228
SO65229
SO65229
SO65229
SO65229
SO65229
SO65229
SO65229
SO65229
SO65229
SO65230
SO65231
SO65232
SO65232
SO65232
SO65232
SO65232
SO65232
SO65232
SO65232
SO65232
SO65232
SO65232
SO65232
SO65232
SO65232
SO65232
SO65232
SO65232
SO65232
SO65232
SO65232
SO65232
SO65232
SO65232
SO65232
SO65232
SO65232
SO65232
SO65232
SO65232
SO65232
SO65232
SO65233
SO65234
SO65234
SO65234
SO65234
SO65234
SO65234
SO65234
SO65234
SO65234
SO65234
SO65234
SO65234
SO65234
SO65234
SO65234
SO65234
SO65234
SO65234
SO65234
SO65234
SO65234
SO65234
SO65234
SO65234
SO65234
SO65234
SO65234
SO65234
SO65234
SO65235
SO65235
SO65235
SO65235
SO65235
SO65235
SO65235
SO65235
SO65235
SO65235
SO65235
SO65235
SO65235
SO65235
SO65235
SO65235
SO65235
SO65235
SO65235
SO65235
SO65236
SO65236
SO65236
SO65236
SO65236
SO65236
SO65236
SO65236
SO65236
SO65236
SO65236
SO65236
SO65236
SO65236
SO65236
SO65236
SO65236
SO65236
SO65236
SO65236
SO65236
SO65236
SO65236
SO65236
SO65236
SO65236
SO65236
SO65236
SO65236
SO65236
SO65236
SO65236
SO65236
SO65236
SO65237
SO65237
SO65237
SO65237
SO65237
SO65237
SO65237
SO65237
SO65237
SO65237
SO65237
SO65237
SO65237
SO65237
SO65237
SO65237
SO65237
SO65237
SO65237
SO65237
SO65238
SO65238
SO65238
SO65238
SO65238
SO65238
SO65238
SO65238
SO65238
SO65238
SO65238
SO65238
SO65238
SO65238
SO65238
SO65238
SO65238
SO65238
SO65238
SO65238
SO65238
SO65238
SO65238
SO65238
SO65238
SO65238
SO65238
SO65238
SO65238
SO65238
SO65238
SO65238
SO65238
SO65238
SO65238
SO65238
SO65238
SO65239
SO65239
SO65240
SO65241
SO65241
SO65241
SO65241
SO65241
SO65241
SO65241
SO65241
SO65241
SO65241
SO65241
SO65241
SO65241
SO65241
SO65241
SO65241
SO65241
SO65241
SO65241
SO65241
SO65241
SO65241
SO65242
SO65242
SO65242
SO65242
SO65242
SO65242
SO65242
SO65242
SO65242
SO65242
SO65242
SO65242
SO65242
SO65242
SO65242
SO65242
SO65242
SO65242
SO65242
SO65242
SO65242
SO65242
SO65243
SO65243
SO65243
SO65243
SO65243
SO65243
SO65243
SO65243
SO65243
SO65243
SO65243
SO65243
SO65243
SO65243
SO65243
SO65243
SO65244
SO65244
SO65244
SO65244
SO65244
SO65244
SO65244
SO65245
SO65245
SO65245
SO65245
SO65245
SO65245
SO65245
SO65245
SO65245
SO65245
SO65245
SO65245
SO65245
SO65245
SO65245
SO65245
SO65245
SO65245
SO65245
SO65245
SO65245
SO65245
SO65245
SO65245
SO65245
SO65245
SO65245
SO65245
SO65245
SO65245
SO65246
SO65246
SO65246
SO65246
SO65247
SO65247
SO65247
SO65247
SO65247
SO65247
SO65247
SO65247
SO65247
SO65247
SO65247
SO65248
SO65248
SO65248
SO65248
SO65248
SO65248
SO65248
SO65248
SO65248
SO65248
SO65248
SO65248
SO65248
SO65248
SO65248
SO65248
SO65248
SO65248
SO65248
SO65248
SO65248
SO65248
SO65248
SO65248
SO65248
SO65249
SO65249
SO65249
SO65249
SO65249
SO65250
SO65250
SO65250
SO65250
SO65250
SO65250
SO65250
SO65250
SO65250
SO65250
SO65250
SO65250
SO65250
SO65250
SO65250
SO65250
SO65250
SO65250
SO65250
SO65250
SO65250
SO65250
SO65250
SO65250
SO65250
SO65250
SO65250
SO65250
SO65250
SO65250
SO65251
SO65251
SO65251
SO65251
SO65251
SO65252
SO65252
SO65252
SO65252
SO65252
SO65252
SO65252
SO65252
SO65252
SO65252
SO65252
SO65252
SO65252
SO65252
SO65252
SO65252
SO65252
SO65252
SO65252
SO65253
SO65253
SO65253
SO65253
SO65253
SO65253
SO65253
SO65253
SO65253
SO65253
SO65253
SO65253
SO65254
SO65254
SO65255
SO65255
SO65255
SO65255
SO65255
SO65255
SO65255
SO65255
SO65255
SO65255
SO65255
SO65255
SO65255
SO65255
SO65255
SO65255
SO65255
SO65255
SO65255
SO65256
SO65256
SO65256
SO65256
SO65256
SO65257
SO65257
SO65257
SO65257
SO65257
SO65257
SO65257
SO65257
SO65257
SO65257
SO65257
SO65257
SO65257
SO65257
SO65257
SO65257
SO65257
SO65257
SO65257
SO65257
SO65257
SO65257
SO65257
SO65257
SO65257
SO65257
SO65257
SO65257
SO65257
SO65257
SO65257
SO65257
SO65257
SO65257
SO65257
SO65257
SO65257
SO65257
SO65258
SO65258
SO65258
SO65258
SO65258
SO65258
SO65258
SO65258
SO65258
SO65258
SO65258
SO65258
SO65258
SO65258
SO65258
SO65258
SO65259
SO65259
SO65260
SO65260
SO65260
SO65261
SO65261
SO65261
SO65261
SO65261
SO65261
SO65261
SO65261
SO65261
SO65261
SO65262
SO65262
SO65262
SO65263
SO65263
SO65263
SO65263
SO65263
SO65263
SO65263
SO65263
SO65263
SO65263
SO65263
SO65263
SO65263
SO65263
SO65263
SO65263
SO65263
SO65263
SO65263
SO65263
SO65263
SO65263
SO65263
SO65264
SO65264
SO65264
SO65264
SO65264
SO65264
SO65265
SO65266
SO65267
SO65267
SO65267
SO65267
SO65267
SO65267
SO65268
SO65268
SO65268
SO65268
SO65268
SO65268
SO65268
SO65268
SO65268
SO65268
SO65268
SO65268
SO65268
SO65268
SO65268
SO65268
SO65268
SO65268
SO65268
SO65268
SO65269
SO65269
SO65269
SO65269
SO65269
SO65269
SO65269
SO65269
SO65269
SO65269
SO65269
SO65269
SO65269
SO65269
SO65269
SO65269
SO65269
SO65269
SO65269
SO65269
SO65269
SO65269
SO65269
SO65270
SO65270
SO65270
SO65271
SO65271
SO65271
SO65271
SO65271
SO65271
SO65271
SO65271
SO65271
SO65271
SO65271
SO65271
SO65271
SO65271
SO65271
SO65271
SO65271
SO65271
SO65271
SO65271
SO65271
SO65271
SO65271
SO65271
SO65271
SO65271
SO65271
SO65271
SO65272
SO65273
SO65273
SO65273
SO65273
SO65273
SO65273
SO65273
SO65273
SO65273
SO65273
SO65273
SO65273
SO65273
SO65273
SO65273
SO65273
SO65273
SO65273
SO65273
SO65273
SO65273
SO65273
SO65274
SO65275
SO65275
SO65275
SO65276
SO65276
SO65276
SO65276
SO65277
SO65277
SO65277
SO65277
SO65277
SO65277
SO65277
SO65278
SO65278
SO65278
SO65278
SO65278
SO65278
SO65278
SO65278
SO65278
SO65278
SO65278
SO65278
SO65278
SO65278
SO65278
SO65278
SO65279
SO65279
SO65279
SO65279
SO65279
SO65279
SO65280
SO65280
SO65280
SO65280
SO65280
SO65280
SO65280
SO65280
SO65280
SO65280
SO65280
SO65280
SO65280
SO65280
SO65280
SO65280
SO65280
SO65280
SO65280
SO65280
SO65280
SO65280
SO65280
SO65280
SO65280
SO65280
SO65280
SO65280
SO65280
SO65280
SO65280
SO65280
SO65281
SO65281
SO65281
SO65281
SO65281
SO65281
SO65281
SO65281
SO65281
SO65281
SO65281
SO65281
SO65281
SO65281
SO65281
SO65281
SO65281
SO65281
SO65282
SO65282
SO65282
SO65282
SO65282
SO65282
SO65282
SO65282
SO65282
SO65282
SO65282
SO65282
SO65282
SO65282
SO65282
SO65282
SO65282
SO65282
SO65282
SO65282
SO65282
SO65282
SO65282
SO65282
SO65282
SO65282
SO65283
SO65283
SO65283
SO65283
SO65284
SO65284
SO65284
SO65285
SO65285
SO65285
SO65286
SO65286
SO65286
SO65286
SO65286
SO65286
SO65286
SO65287
SO65287
SO65288
SO65288
SO65289
SO65290
SO65290
SO65290
SO65290
SO65291
SO65292
SO65292
SO65293
SO65293
SO65293
SO65294
SO65295
SO65296
SO65296
SO65296
SO65296
SO65297
SO65298
SO65299
SO65299
SO65299
SO65300
SO65300
SO65300
SO65301
SO65302
SO65303
SO65303
SO65303
SO65303
SO65303
SO65303
SO65303
SO65303
SO65303
SO65303
SO65303
SO65303
SO65303
SO65303
SO65303
SO65303
SO65303
SO65303
SO65303
SO65303
SO65303
SO65303
SO65303
SO65303
SO65303
SO65303
SO65303
SO65303
SO65303
SO65303
SO65303
SO65303
SO65303
SO65304
SO65305
SO65305
SO65305
SO65306
SO65306
SO65306
SO65306
SO65306
SO65306
SO65306
SO65306
SO65306
SO65306
SO65306
SO65306
SO65306
SO65306
SO65306
SO65306
SO65306
SO65306
SO65306
SO65306
SO65306
SO65306
SO65306
SO65306
SO65306
SO65307
SO65307
SO65307
SO65307
SO65307
SO65307
SO65307
SO65308
SO65309
SO65309
SO65309
SO65310
SO65310
SO65310
SO65310
SO65310
SO65310
SO65310
SO65310
SO65310
SO65310
SO65310
SO65310
SO65310
SO65310
SO65310
SO65310
SO65310
SO65310
SO65310
SO65310
SO65310
SO65310
SO65310
SO65310
SO65310
SO65310
SO65311
SO65311
SO65311
SO65311
SO65311
SO65311
SO65311
SO65311
SO65311
SO65311
SO65311
SO65311
SO65311
SO65311
SO65311
SO65311
SO65311
SO65311
SO65311
SO65311
SO65311
SO65311
SO65311
SO65311
SO65311
SO65311
SO65312
SO65312
SO65312
SO65312
SO65312
SO65312
SO65312
SO65312
SO65312
SO65312
SO65312
SO65312
SO65312
SO65312
SO65312
SO65312
SO65312
SO65312
SO65312
SO65312
SO65312
SO65312
SO65312
SO65312
SO65312
SO65312
SO65313
SO65313
SO65313
SO65314
SO65314
SO65315
SO65315
SO65315
SO65315
SO65315
SO65315
SO65315
SO65315
SO65315
SO65315
SO65315
SO65315
SO65315
SO65315
SO65315
SO65315
SO65315
SO65315
SO65315
SO65315
SO65315
SO65315
SO65315
SO65315
SO65315
SO65315
SO65315
SO65315
SO65316
SO65317
SO65317
SO65318
SO65319
SO65319
SO65319
SO65319
SO65319
SO65319
SO65319
SO65319
SO65319
SO65319
SO65319
SO65319
SO65319
SO65319
SO65319
SO65319
SO65319
SO65319
SO65319
SO65319
SO65319
SO65319
SO65319
SO65319
SO65319
SO65319
SO65319
SO65319
SO65319
SO65319
SO65319
SO65319
SO65319
SO65320
SO65321
SO65321
SO65321
SO65322
SO65322
SO65322
SO65322
SO65322
SO65322
SO65322
SO65323
SO67203
SO67203
SO67204
SO67204
SO67260
SO67260
SO67260
SO67260
SO67260
SO67260
SO67260
SO67260
SO67260
SO67260
SO67260
SO67260
SO67260
SO67260
SO67260
SO67260
SO67260
SO67260
SO67260
SO67260
SO67260
SO67260
SO67260
SO67260
SO67260
SO67260
SO67260
SO67260
SO67260
SO67260
SO67260
SO67260
SO67260
SO67260
SO67260
SO67260
SO67260
SO67260
SO67260
SO67260
SO67260
SO67260
SO67260
SO67260
SO67260
SO67260
SO67260
SO67261
SO67261
SO67261
SO67261
SO67261
SO67261
SO67261
SO67261
SO67261
SO67261
SO67261
SO67261
SO67261
SO67261
SO67261
SO67261
SO67261
SO67261
SO67261
SO67261
SO67261
SO67261
SO67261
SO67261
SO67261
SO67261
SO67261
SO67262
SO67262
SO67262
SO67262
SO67262
SO67262
SO67262
SO67262
SO67262
SO67262
SO67262
SO67262
SO67262
SO67262
SO67262
SO67262
SO67262
SO67263
SO67263
SO67263
SO67263
SO67263
SO67263
SO67263
SO67263
SO67263
SO67263
SO67263
SO67263
SO67263
SO67263
SO67263
SO67263
SO67263
SO67263
SO67263
SO67263
SO67263
SO67263
SO67263
SO67263
SO67263
SO67263
SO67263
SO67263
SO67263
SO67264
SO67264
SO67264
SO67264
SO67265
SO67265
SO67265
SO67266
SO67266
SO67266
SO67266
SO67266
SO67266
SO67266
SO67266
SO67266
SO67266
SO67266
SO67266
SO67266
SO67266
SO67266
SO67266
SO67266
SO67266
SO67266
SO67266
SO67266
SO67266
SO67266
SO67266
SO67266
SO67266
SO67266
SO67266
SO67266
SO67266
SO67266
SO67266
SO67266
SO67266
SO67266
SO67266
SO67266
SO67267
SO67267
SO67267
SO67267
SO67267
SO67267
SO67267
SO67268
SO67268
SO67268
SO67268
SO67268
SO67268
SO67268
SO67268
SO67268
SO67268
SO67268
SO67268
SO67268
SO67268
SO67268
SO67268
SO67268
SO67268
SO67268
SO67268
SO67268
SO67268
SO67268
SO67268
SO67268
SO67268
SO67268
SO67268
SO67268
SO67268
SO67268
SO67268
SO67268
SO67268
SO67268
SO67268
SO67268
SO67268
SO67268
SO67269
SO67269
SO67270
SO67270
SO67270
SO67270
SO67270
SO67270
SO67270
SO67270
SO67270
SO67270
SO67270
SO67270
SO67270
SO67270
SO67270
SO67270
SO67270
SO67270
SO67270
SO67270
SO67270
SO67270
SO67270
SO67270
SO67270
SO67270
SO67270
SO67270
SO67271
SO67271
SO67271
SO67271
SO67271
SO67271
SO67271
SO67271
SO67271
SO67271
SO67271
SO67271
SO67271
SO67271
SO67271
SO67271
SO67271
SO67271
SO67271
SO67271
SO67271
SO67271
SO67271
SO67271
SO67271
SO67271
SO67271
SO67271
SO67271
SO67271
SO67271
SO67271
SO67271
SO67271
SO67271
SO67271
SO67272
SO67272
SO67272
SO67272
SO67272
SO67272
SO67272
SO67272
SO67272
SO67272
SO67272
SO67272
SO67272
SO67272
SO67272
SO67272
SO67272
SO67272
SO67272
SO67272
SO67272
SO67272
SO67272
SO67272
SO67272
SO67272
SO67272
SO67272
SO67272
SO67272
SO67273
SO67273
SO67273
SO67273
SO67273
SO67273
SO67273
SO67273
SO67273
SO67273
SO67273
SO67273
SO67273
SO67273
SO67273
SO67273
SO67273
SO67273
SO67273
SO67273
SO67273
SO67273
SO67273
SO67273
SO67273
SO67273
SO67273
SO67273
SO67273
SO67273
SO67273
SO67273
SO67273
SO67273
SO67273
SO67273
SO67273
SO67273
SO67273
SO67273
SO67273
SO67273
SO67273
SO67273
SO67273
SO67273
SO67273
SO67273
SO67273
SO67273
SO67273
SO67273
SO67273
SO67273
SO67273
SO67273
SO67273
SO67274
SO67274
SO67274
SO67274
SO67274
SO67274
SO67274
SO67274
SO67274
SO67274
SO67274
SO67274
SO67274
SO67274
SO67274
SO67274
SO67274
SO67274
SO67274
SO67274
SO67274
SO67274
SO67274
SO67274
SO67274
SO67274
SO67274
SO67274
SO67274
SO67275
SO67275
SO67275
SO67276
SO67276
SO67276
SO67276
SO67276
SO67276
SO67276
SO67276
SO67276
SO67276
SO67276
SO67276
SO67276
SO67276
SO67276
SO67276
SO67276
SO67276
SO67276
SO67276
SO67276
SO67276
SO67276
SO67276
SO67276
SO67276
SO67276
SO67276
SO67276
SO67276
SO67276
SO67276
SO67276
SO67276
SO67276
SO67276
SO67276
SO67276
SO67276
SO67276
SO67276
SO67276
SO67276
SO67276
SO67276
SO67277
SO67277
SO67277
SO67277
SO67277
SO67277
SO67277
SO67277
SO67277
SO67277
SO67277
SO67277
SO67277
SO67277
SO67277
SO67277
SO67277
SO67277
SO67277
SO67277
SO67277
SO67277
SO67277
SO67277
SO67277
SO67277
SO67277
SO67277
SO67277
SO67277
SO67277
SO67277
SO67277
SO67277
SO67277
SO67277
SO67277
SO67277
SO67277
SO67277
SO67277
SO67277
SO67277
SO67277
SO67277
SO67277
SO67277
SO67277
SO67277
SO67277
SO67278
SO67278
SO67278
SO67278
SO67278
SO67278
SO67278
SO67278
SO67278
SO67278
SO67278
SO67278
SO67278
SO67278
SO67278
SO67278
SO67278
SO67278
SO67278
SO67278
SO67278
SO67278
SO67278
SO67278
SO67278
SO67278
SO67278
SO67278
SO67278
SO67278
SO67278
SO67278
SO67278
SO67278
SO67278
SO67278
SO67278
SO67278
SO67278
SO67278
SO67278
SO67278
SO67278
SO67279
SO67279
SO67279
SO67279
SO67279
SO67279
SO67279
SO67279
SO67279
SO67279
SO67279
SO67279
SO67279
SO67279
SO67279
SO67279
SO67279
SO67279
SO67279
SO67279
SO67279
SO67279
SO67279
SO67279
SO67279
SO67279
SO67279
SO67279
SO67279
SO67280
SO67280
SO67280
SO67280
SO67280
SO67280
SO67280
SO67280
SO67280
SO67280
SO67280
SO67280
SO67280
SO67280
SO67280
SO67280
SO67280
SO67280
SO67280
SO67280
SO67280
SO67280
SO67280
SO67280
SO67281
SO67282
SO67282
SO67282
SO67282
SO67282
SO67282
SO67282
SO67282
SO67282
SO67282
SO67282
SO67282
SO67282
SO67282
SO67282
SO67282
SO67282
SO67282
SO67282
SO67282
SO67282
SO67282
SO67282
SO67282
SO67282
SO67282
SO67282
SO67283
SO67283
SO67283
SO67283
SO67283
SO67284
SO67284
SO67284
SO67284
SO67284
SO67284
SO67284
SO67284
SO67284
SO67284
SO67284
SO67284
SO67284
SO67284
SO67284
SO67284
SO67284
SO67284
SO67284
SO67284
SO67284
SO67284
SO67284
SO67284
SO67284
SO67284
SO67284
SO67284
SO67284
SO67284
SO67284
SO67285
SO67285
SO67286
SO67286
SO67286
SO67286
SO67286
SO67286
SO67286
SO67286
SO67286
SO67286
SO67286
SO67286
SO67287
SO67287
SO67287
SO67287
SO67287
SO67287
SO67287
SO67287
SO67287
SO67287
SO67287
SO67287
SO67287
SO67287
SO67287
SO67287
SO67287
SO67287
SO67287
SO67287
SO67287
SO67287
SO67287
SO67287
SO67287
SO67287
SO67287
SO67287
SO67287
SO67287
SO67287
SO67287
SO67287
SO67287
SO67287
SO67287
SO67287
SO67287
SO67287
SO67287
SO67287
SO67287
SO67287
SO67287
SO67288
SO67288
SO67288
SO67288
SO67288
SO67288
SO67288
SO67288
SO67288
SO67288
SO67288
SO67288
SO67288
SO67288
SO67288
SO67289
SO67289
SO67289
SO67289
SO67289
SO67289
SO67289
SO67289
SO67289
SO67289
SO67289
SO67289
SO67289
SO67289
SO67289
SO67289
SO67289
SO67289
SO67289
SO67289
SO67289
SO67289
SO67289
SO67289
SO67289
SO67289
SO67289
SO67289
SO67289
SO67289
SO67289
SO67289
SO67289
SO67289
SO67289
SO67289
SO67289
SO67289
SO67289
SO67289
SO67289
SO67289
SO67289
SO67289
SO67289
SO67289
SO67289
SO67289
SO67289
SO67289
SO67289
SO67289
SO67289
SO67289
SO67289
SO67289
SO67289
SO67290
SO67290
SO67290
SO67290
SO67290
SO67290
SO67290
SO67290
SO67290
SO67290
SO67290
SO67290
SO67290
SO67290
SO67290
SO67291
SO67291
SO67291
SO67291
SO67291
SO67292
SO67292
SO67292
SO67292
SO67292
SO67292
SO67292
SO67292
SO67292
SO67292
SO67292
SO67292
SO67292
SO67292
SO67292
SO67292
SO67292
SO67292
SO67292
SO67292
SO67292
SO67292
SO67292
SO67292
SO67292
SO67293
SO67293
SO67293
SO67293
SO67293
SO67293
SO67293
SO67293
SO67294
SO67294
SO67294
SO67294
SO67294
SO67294
SO67294
SO67294
SO67294
SO67294
SO67294
SO67294
SO67294
SO67294
SO67294
SO67294
SO67294
SO67294
SO67294
SO67294
SO67294
SO67294
SO67294
SO67294
SO67294
SO67294
SO67294
SO67294
SO67294
SO67294
SO67294
SO67294
SO67294
SO67294
SO67294
SO67294
SO67294
SO67294
SO67294
SO67295
SO67295
SO67295
SO67295
SO67295
SO67295
SO67295
SO67295
SO67295
SO67295
SO67295
SO67295
SO67295
SO67295
SO67295
SO67295
SO67295
SO67295
SO67295
SO67295
SO67295
SO67295
SO67295
SO67295
SO67295
SO67295
SO67295
SO67295
SO67295
SO67295
SO67295
SO67295
SO67295
SO67295
SO67296
SO67297
SO67297
SO67297
SO67297
SO67297
SO67297
SO67297
SO67297
SO67297
SO67297
SO67297
SO67297
SO67297
SO67297
SO67297
SO67297
SO67297
SO67297
SO67297
SO67297
SO67297
SO67297
SO67297
SO67297
SO67297
SO67297
SO67297
SO67297
SO67297
SO67297
SO67297
SO67297
SO67297
SO67298
SO67298
SO67298
SO67298
SO67298
SO67298
SO67298
SO67298
SO67298
SO67298
SO67298
SO67298
SO67298
SO67298
SO67298
SO67298
SO67298
SO67298
SO67298
SO67298
SO67298
SO67298
SO67298
SO67298
SO67298
SO67298
SO67298
SO67299
SO67299
SO67299
SO67299
SO67300
SO67301
SO67302
SO67302
SO67302
SO67302
SO67302
SO67302
SO67302
SO67302
SO67302
SO67302
SO67302
SO67302
SO67302
SO67302
SO67302
SO67302
SO67302
SO67302
SO67302
SO67302
SO67302
SO67302
SO67302
SO67302
SO67302
SO67302
SO67302
SO67302
SO67302
SO67302
SO67302
SO67302
SO67302
SO67302
SO67302
SO67302
SO67302
SO67302
SO67302
SO67303
SO67304
SO67304
SO67304
SO67304
SO67304
SO67304
SO67304
SO67304
SO67304
SO67304
SO67304
SO67304
SO67304
SO67304
SO67304
SO67304
SO67304
SO67304
SO67304
SO67304
SO67304
SO67304
SO67304
SO67304
SO67304
SO67304
SO67305
SO67305
SO67305
SO67305
SO67305
SO67305
SO67305
SO67305
SO67305
SO67305
SO67305
SO67305
SO67305
SO67305
SO67305
SO67305
SO67305
SO67305
SO67305
SO67305
SO67305
SO67305
SO67305
SO67305
SO67305
SO67305
SO67305
SO67305
SO67305
SO67305
SO67305
SO67305
SO67305
SO67305
SO67305
SO67305
SO67305
SO67305
SO67305
SO67305
SO67305
SO67305
SO67305
SO67305
SO67305
SO67305
SO67305
SO67305
SO67306
SO67306
SO67306
SO67306
SO67307
SO67307
SO67307
SO67307
SO67308
SO67308
SO67308
SO67308
SO67308
SO67308
SO67309
SO67309
SO67309
SO67309
SO67309
SO67309
SO67310
SO67311
SO67311
SO67311
SO67311
SO67312
SO67312
SO67312
SO67312
SO67312
SO67312
SO67312
SO67312
SO67312
SO67312
SO67313
SO67314
SO67314
SO67314
SO67314
SO67314
SO67314
SO67314
SO67314
SO67314
SO67314
SO67314
SO67314
SO67314
SO67314
SO67314
SO67314
SO67314
SO67314
SO67314
SO67314
SO67314
SO67314
SO67314
SO67314
SO67314
SO67314
SO67314
SO67314
SO67314
SO67314
SO67314
SO67314
SO67314
SO67314
SO67314
SO67314
SO67314
SO67314
SO67314
SO67314
SO67314
SO67314
SO67314
SO67314
SO67314
SO67314
SO67314
SO67314
SO67314
SO67314
SO67314
SO67314
SO67314
SO67314
SO67314
SO67314
SO67315
SO67315
SO67315
SO67315
SO67315
SO67315
SO67315
SO67315
SO67315
SO67315
SO67315
SO67315
SO67315
SO67315
SO67316
SO67316
SO67316
SO67316
SO67316
SO67316
SO67316
SO67316
SO67316
SO67316
SO67316
SO67316
SO67316
SO67316
SO67316
SO67316
SO67316
SO67316
SO67316
SO67316
SO67316
SO67316
SO67316
SO67316
SO67316
SO67316
SO67316
SO67316
SO67316
SO67316
SO67316
SO67316
SO67316
SO67316
SO67316
SO67316
SO67316
SO67316
SO67316
SO67316
SO67316
SO67316
SO67316
SO67316
SO67316
SO67316
SO67316
SO67316
SO67316
SO67316
SO67316
SO67316
SO67316
SO67316
SO67316
SO67316
SO67316
SO67316
SO67316
SO67317
SO67317
SO67317
SO67317
SO67317
SO67317
SO67317
SO67317
SO67318
SO67318
SO67318
SO67318
SO67318
SO67318
SO67318
SO67318
SO67318
SO67318
SO67319
SO67319
SO67319
SO67319
SO67320
SO67320
SO67320
SO67320
SO67320
SO67320
SO67320
SO67320
SO67320
SO67320
SO67320
SO67320
SO67320
SO67320
SO67320
SO67320
SO67320
SO67320
SO67320
SO67320
SO67320
SO67320
SO67320
SO67320
SO67320
SO67320
SO67321
SO67321
SO67321
SO67321
SO67321
SO67321
SO67321
SO67321
SO67321
SO67321
SO67321
SO67321
SO67321
SO67321
SO67321
SO67321
SO67321
SO67321
SO67321
SO67321
SO67321
SO67322
SO67322
SO67322
SO67322
SO67322
SO67322
SO67322
SO67322
SO67322
SO67322
SO67322
SO67322
SO67322
SO67322
SO67322
SO67322
SO67322
SO67322
SO67322
SO67322
SO67322
SO67322
SO67322
SO67322
SO67322
SO67322
SO67322
SO67322
SO67322
SO67322
SO67322
SO67322
SO67322
SO67322
SO67322
SO67323
SO67323
SO67323
SO67323
SO67324
SO67324
SO67324
SO67324
SO67324
SO67324
SO67324
SO67324
SO67324
SO67324
SO67324
SO67324
SO67324
SO67324
SO67324
SO67324
SO67324
SO67324
SO67324
SO67324
SO67324
SO67324
SO67324
SO67324
SO67324
SO67324
SO67324
SO67324
SO67324
SO67324
SO67324
SO67324
SO67324
SO67324
SO67324
SO67324
SO67324
SO67324
SO67324
SO67324
SO67324
SO67324
SO67325
SO67325
SO67325
SO67325
SO67325
SO67325
SO67325
SO67325
SO67325
SO67325
SO67325
SO67325
SO67325
SO67325
SO67325
SO67325
SO67325
SO67325
SO67325
SO67325
SO67325
SO67325
SO67325
SO67325
SO67325
SO67325
SO67325
SO67325
SO67325
SO67325
SO67325
SO67325
SO67325
SO67325
SO67325
SO67326
SO67326
SO67326
SO67326
SO67327
SO67327
SO67327
SO67327
SO67327
SO67327
SO67327
SO67327
SO67327
SO67327
SO67327
SO67327
SO67327
SO67327
SO67327
SO67327
SO67327
SO67327
SO67327
SO67327
SO67327
SO67327
SO67327
SO67327
SO67327
SO67327
SO67327
SO67327
SO67327
SO67327
SO67327
SO67327
SO67327
SO67327
SO67327
SO67327
SO67327
SO67327
SO67327
SO67327
SO67327
SO67327
SO67327
SO67328
SO67328
SO67329
SO67329
SO67329
SO67329
SO67329
SO67329
SO67329
SO67329
SO67329
SO67330
SO67330
SO67330
SO67331
SO67331
SO67331
SO67331
SO67331
SO67331
SO67331
SO67331
SO67332
SO67332
SO67332
SO67332
SO67332
SO67332
SO67332
SO67332
SO67332
SO67332
SO67332
SO67332
SO67332
SO67332
SO67333
SO67333
SO67333
SO67333
SO67333
SO67333
SO67333
SO67333
SO67333
SO67333
SO67333
SO67333
SO67333
SO67333
SO67333
SO67333
SO67333
SO67333
SO67333
SO67333
SO67333
SO67333
SO67333
SO67334
SO67335
SO67335
SO67335
SO67336
SO67336
SO67336
SO67337
SO67337
SO67338
SO67338
SO67338
SO67338
SO67339
SO67339
SO67339
SO67339
SO67339
SO67339
SO67339
SO67339
SO67339
SO67339
SO67339
SO67339
SO67339
SO67339
SO67339
SO67339
SO67339
SO67339
SO67339
SO67339
SO67339
SO67339
SO67339
SO67339
SO67339
SO67339
SO67339
SO67339
SO67339
SO67339
SO67340
SO67341
SO67342
SO67342
SO67342
SO67342
SO67342
SO67342
SO67342
SO67342
SO67342
SO67342
SO67342
SO67342
SO67342
SO67342
SO67342
SO67342
SO67342
SO67342
SO67342
SO67342
SO67342
SO67342
SO67342
SO67342
SO67342
SO67342
SO67342
SO67342
SO67342
SO67342
SO67343
SO67343
SO67343
SO67343
SO67343
SO67343
SO67343
SO67343
SO67343
SO67343
SO67343
SO67343
SO67343
SO67343
SO67343
SO67343
SO67343
SO67343
SO67343
SO67343
SO67343
SO67343
SO67343
SO67343
SO67343
SO67343
SO67343
SO67343
SO67343
SO67343
SO67343
SO67343
SO67343
SO67343
SO67343
SO67343
SO67343
SO67343
SO67343
SO67343
SO67343
SO67343
SO67344
SO67344
SO67344
SO67344
SO67344
SO67344
SO67345
SO67345
SO67346
SO67346
SO67346
SO67346
SO67346
SO67346
SO67346
SO67346
SO67346
SO67346
SO67346
SO67346
SO67346
SO67346
SO67346
SO67346
SO67346
SO67346
SO67346
SO67346
SO67347
SO67347
SO67347
SO67347
SO67347
SO67347
SO67347
SO67347
SO67347
SO67347
SO67347
SO67347
SO67347
SO67347
SO67347
SO67347
SO67347
SO67347
SO67347
SO67347
SO67347
SO67347
SO67347
SO67347
SO67347
SO67347
SO67347
SO67347
SO67347
SO67347
SO67347
SO67347
SO67347
SO67348
SO67348
SO67348
SO67348
SO67348
SO67348
SO67348
SO67348
SO67348
SO67348
SO67348
SO67348
SO67348
SO67348
SO67348
SO67348
SO67348
SO67348
SO67348
SO67348
SO67348
SO67348
SO67348
SO67348
SO67348
SO67348
SO67348
SO67348
SO67348
SO67348
SO67349
SO67349
SO67349
SO67349
SO67349
SO67349
SO67349
SO67349
SO67349
SO67349
SO67349
SO67349
SO67349
SO67349
SO67349
SO67349
SO67349
SO67349
SO67349
SO67349
SO67349
SO67349
SO67349
SO67349
SO67349
SO67349
SO67349
SO67349
SO67349
SO67349
SO67349
SO67349
SO67349
SO67349
SO67349
SO67349
SO67349
SO67349
SO67349
SO67349
SO67350
SO67350
SO69309
SO69309
SO69388
SO69388
SO69388
SO69389
SO69389
SO69389
SO69389
SO69389
SO69389
SO69389
SO69390
SO69391
SO69391
SO69391
SO69392
SO69392
SO69392
SO69392
SO69393
SO69393
SO69393
SO69393
SO69393
SO69393
SO69393
SO69393
SO69393
SO69393
SO69393
SO69393
SO69393
SO69393
SO69393
SO69393
SO69393
SO69393
SO69393
SO69393
SO69393
SO69393
SO69393
SO69393
SO69393
SO69393
SO69393
SO69393
SO69393
SO69393
SO69394
SO69394
SO69394
SO69394
SO69394
SO69394
SO69394
SO69394
SO69394
SO69394
SO69394
SO69394
SO69394
SO69394
SO69394
SO69394
SO69394
SO69394
SO69394
SO69394
SO69394
SO69394
SO69395
SO69396
SO69396
SO69396
SO69396
SO69396
SO69396
SO69396
SO69396
SO69396
SO69396
SO69396
SO69396
SO69396
SO69396
SO69397
SO69397
SO69397
SO69397
SO69397
SO69397
SO69397
SO69397
SO69397
SO69397
SO69397
SO69397
SO69397
SO69397
SO69397
SO69397
SO69397
SO69397
SO69397
SO69397
SO69397
SO69397
SO69397
SO69397
SO69397
SO69397
SO69398
SO69398
SO69398
SO69398
SO69398
SO69398
SO69399
SO69399
SO69399
SO69399
SO69399
SO69399
SO69399
SO69399
SO69399
SO69399
SO69399
SO69399
SO69399
SO69399
SO69399
SO69399
SO69399
SO69399
SO69399
SO69399
SO69399
SO69399
SO69399
SO69399
SO69399
SO69399
SO69399
SO69399
SO69399
SO69399
SO69399
SO69399
SO69399
SO69399
SO69399
SO69399
SO69399
SO69399
SO69400
SO69400
SO69400
SO69400
SO69400
SO69400
SO69400
SO69400
SO69400
SO69400
SO69400
SO69400
SO69400
SO69400
SO69400
SO69401
SO69401
SO69401
SO69401
SO69401
SO69401
SO69401
SO69401
SO69401
SO69401
SO69401
SO69401
SO69401
SO69401
SO69401
SO69401
SO69401
SO69401
SO69401
SO69401
SO69401
SO69401
SO69401
SO69401
SO69401
SO69401
SO69401
SO69401
SO69401
SO69401
SO69401
SO69402
SO69403
SO69403
SO69404
SO69404
SO69404
SO69404
SO69404
SO69404
SO69404
SO69405
SO69405
SO69405
SO69405
SO69405
SO69405
SO69405
SO69406
SO69406
SO69406
SO69406
SO69406
SO69406
SO69406
SO69406
SO69406
SO69406
SO69406
SO69406
SO69406
SO69406
SO69406
SO69406
SO69406
SO69406
SO69406
SO69406
SO69406
SO69406
SO69406
SO69406
SO69406
SO69406
SO69406
SO69406
SO69406
SO69406
SO69406
SO69406
SO69406
SO69406
SO69406
SO69406
SO69406
SO69406
SO69406
SO69406
SO69406
SO69406
SO69406
SO69406
SO69407
SO69407
SO69408
SO69408
SO69408
SO69408
SO69408
SO69408
SO69408
SO69408
SO69408
SO69408
SO69408
SO69408
SO69408
SO69408
SO69408
SO69408
SO69408
SO69408
SO69408
SO69408
SO69408
SO69408
SO69408
SO69408
SO69408
SO69408
SO69408
SO69408
SO69408
SO69408
SO69408
SO69408
SO69408
SO69408
SO69408
SO69408
SO69408
SO69408
SO69408
SO69408
SO69408
SO69408
SO69408
SO69409
SO69409
SO69409
SO69409
SO69409
SO69409
SO69409
SO69409
SO69409
SO69409
SO69409
SO69409
SO69409
SO69410
SO69410
SO69410
SO69410
SO69410
SO69410
SO69410
SO69410
SO69410
SO69410
SO69410
SO69410
SO69410
SO69411
SO69411
SO69411
SO69411
SO69411
SO69411
SO69411
SO69411
SO69411
SO69411
SO69411
SO69411
SO69411
SO69412
SO69412
SO69412
SO69412
SO69412
SO69412
SO69412
SO69412
SO69412
SO69412
SO69412
SO69412
SO69412
SO69412
SO69412
SO69412
SO69412
SO69412
SO69412
SO69412
SO69412
SO69412
SO69412
SO69412
SO69412
SO69412
SO69412
SO69412
SO69412
SO69412
SO69412
SO69412
SO69412
SO69412
SO69412
SO69412
SO69412
SO69412
SO69413
SO69413
SO69413
SO69413
SO69413
SO69413
SO69413
SO69413
SO69413
SO69413
SO69413
SO69413
SO69413
SO69413
SO69413
SO69413
SO69413
SO69413
SO69413
SO69413
SO69413
SO69413
SO69413
SO69413
SO69413
SO69413
SO69413
SO69413
SO69413
SO69414
SO69414
SO69414
SO69414
SO69414
SO69414
SO69414
SO69414
SO69414
SO69414
SO69414
SO69414
SO69414
SO69414
SO69414
SO69414
SO69415
SO69415
SO69415
SO69415
SO69415
SO69415
SO69415
SO69415
SO69415
SO69415
SO69415
SO69415
SO69415
SO69415
SO69415
SO69415
SO69416
SO69416
SO69416
SO69416
SO69416
SO69416
SO69416
SO69416
SO69416
SO69416
SO69417
SO69417
SO69417
SO69417
SO69417
SO69417
SO69417
SO69417
SO69417
SO69417
SO69417
SO69417
SO69417
SO69417
SO69417
SO69417
SO69417
SO69417
SO69417
SO69417
SO69417
SO69417
SO69417
SO69417
SO69418
SO69418
SO69418
SO69418
SO69418
SO69418
SO69418
SO69418
SO69418
SO69418
SO69418
SO69418
SO69418
SO69418
SO69418
SO69418
SO69418
SO69418
SO69418
SO69418
SO69418
SO69418
SO69418
SO69418
SO69418
SO69418
SO69418
SO69418
SO69418
SO69418
SO69418
SO69418
SO69418
SO69418
SO69418
SO69419
SO69419
SO69419
SO69419
SO69419
SO69419
SO69419
SO69420
SO69420
SO69421
SO69421
SO69421
SO69421
SO69421
SO69421
SO69421
SO69421
SO69421
SO69421
SO69421
SO69421
SO69421
SO69421
SO69421
SO69421
SO69421
SO69421
SO69422
SO69422
SO69422
SO69422
SO69422
SO69422
SO69422
SO69422
SO69422
SO69422
SO69422
SO69422
SO69422
SO69422
SO69422
SO69422
SO69422
SO69422
SO69422
SO69422
SO69422
SO69422
SO69422
SO69422
SO69422
SO69422
SO69422
SO69422
SO69422
SO69422
SO69422
SO69422
SO69422
SO69422
SO69422
SO69422
SO69422
SO69422
SO69422
SO69422
SO69422
SO69422
SO69422
SO69422
SO69422
SO69422
SO69422
SO69422
SO69422
SO69422
SO69422
SO69422
SO69422
SO69422
SO69422
SO69422
SO69422
SO69422
SO69422
SO69422
SO69422
SO69423
SO69423
SO69424
SO69424
SO69424
SO69424
SO69424
SO69424
SO69425
SO69425
SO69425
SO69426
SO69426
SO69426
SO69426
SO69426
SO69426
SO69426
SO69426
SO69426
SO69426
SO69426
SO69426
SO69426
SO69426
SO69426
SO69426
SO69426
SO69426
SO69426
SO69426
SO69426
SO69426
SO69426
SO69426
SO69426
SO69426
SO69426
SO69426
SO69426
SO69426
SO69426
SO69426
SO69426
SO69426
SO69426
SO69426
SO69426
SO69426
SO69426
SO69426
SO69426
SO69426
SO69426
SO69426
SO69426
SO69426
SO69427
SO69428
SO69429
SO69429
SO69429
SO69429
SO69429
SO69429
SO69429
SO69429
SO69429
SO69429
SO69429
SO69429
SO69429
SO69429
SO69429
SO69429
SO69429
SO69429
SO69429
SO69429
SO69429
SO69429
SO69429
SO69429
SO69430
SO69430
SO69430
SO69430
SO69430
SO69430
SO69431
SO69431
SO69431
SO69432
SO69432
SO69432
SO69432
SO69433
SO69433
SO69433
SO69433
SO69433
SO69433
SO69433
SO69433
SO69433
SO69433
SO69433
SO69433
SO69433
SO69433
SO69433
SO69433
SO69433
SO69433
SO69433
SO69433
SO69433
SO69433
SO69433
SO69433
SO69434
SO69434
SO69434
SO69435
SO69435
SO69435
SO69435
SO69435
SO69435
SO69435
SO69435
SO69435
SO69435
SO69435
SO69435
SO69435
SO69435
SO69435
SO69435
SO69435
SO69435
SO69435
SO69435
SO69435
SO69435
SO69435
SO69436
SO69436
SO69436
SO69436
SO69436
SO69437
SO69437
SO69437
SO69437
SO69437
SO69437
SO69437
SO69437
SO69437
SO69437
SO69437
SO69437
SO69437
SO69437
SO69437
SO69437
SO69437
SO69437
SO69437
SO69437
SO69437
SO69437
SO69437
SO69437
SO69437
SO69437
SO69437
SO69437
SO69437
SO69437
SO69437
SO69437
SO69437
SO69437
SO69437
SO69437
SO69437
SO69437
SO69437
SO69437
SO69437
SO69437
SO69437
SO69437
SO69437
SO69437
SO69437
SO69437
SO69437
SO69437
SO69437
SO69437
SO69437
SO69437
SO69437
SO69437
SO69437
SO69437
SO69437
SO69437
SO69438
SO69439
SO69440
SO69440
SO69440
SO69441
SO69441
SO69441
SO69441
SO69441
SO69441
SO69441
SO69441
SO69441
SO69441
SO69441
SO69441
SO69441
SO69441
SO69441
SO69441
SO69441
SO69441
SO69441
SO69441
SO69441
SO69441
SO69441
SO69441
SO69442
SO69442
SO69442
SO69442
SO69442
SO69442
SO69442
SO69442
SO69442
SO69442
SO69442
SO69442
SO69442
SO69442
SO69442
SO69442
SO69442
SO69442
SO69442
SO69442
SO69442
SO69442
SO69442
SO69442
SO69442
SO69442
SO69442
SO69442
SO69442
SO69442
SO69442
SO69442
SO69442
SO69442
SO69442
SO69442
SO69442
SO69442
SO69442
SO69442
SO69442
SO69442
SO69442
SO69442
SO69442
SO69442
SO69442
SO69442
SO69442
SO69442
SO69442
SO69442
SO69442
SO69442
SO69442
SO69442
SO69442
SO69443
SO69443
SO69443
SO69443
SO69443
SO69443
SO69443
SO69443
SO69443
SO69443
SO69443
SO69444
SO69444
SO69444
SO69444
SO69444
SO69444
SO69444
SO69444
SO69444
SO69444
SO69444
SO69444
SO69444
SO69444
SO69444
SO69444
SO69444
SO69444
SO69444
SO69444
SO69444
SO69444
SO69444
SO69444
SO69444
SO69444
SO69444
SO69444
SO69444
SO69444
SO69444
SO69444
SO69444
SO69444
SO69444
SO69444
SO69444
SO69444
SO69444
SO69444
SO69444
SO69444
SO69444
SO69444
SO69444
SO69444
SO69444
SO69444
SO69444
SO69444
SO69444
SO69444
SO69444
SO69444
SO69444
SO69444
SO69444
SO69445
SO69445
SO69445
SO69445
SO69445
SO69445
SO69445
SO69445
SO69445
SO69445
SO69445
SO69446
SO69446
SO69446
SO69447
SO69447
SO69447
SO69447
SO69447
SO69447
SO69447
SO69447
SO69447
SO69447
SO69447
SO69447
SO69447
SO69447
SO69447
SO69447
SO69447
SO69447
SO69447
SO69447
SO69447
SO69447
SO69447
SO69447
SO69447
SO69447
SO69447
SO69447
SO69447
SO69447
SO69447
SO69447
SO69447
SO69447
SO69447
SO69447
SO69448
SO69448
SO69448
SO69448
SO69448
SO69448
SO69448
SO69448
SO69448
SO69448
SO69448
SO69448
SO69448
SO69448
SO69449
SO69449
SO69449
SO69449
SO69449
SO69449
SO69449
SO69449
SO69449
SO69449
SO69449
SO69449
SO69449
SO69449
SO69449
SO69449
SO69449
SO69449
SO69449
SO69449
SO69449
SO69449
SO69449
SO69449
SO69450
SO69450
SO69450
SO69450
SO69450
SO69450
SO69450
SO69450
SO69450
SO69450
SO69450
SO69450
SO69450
SO69450
SO69450
SO69450
SO69450
SO69450
SO69450
SO69450
SO69450
SO69450
SO69451
SO69451
SO69451
SO69451
SO69451
SO69451
SO69451
SO69451
SO69451
SO69451
SO69451
SO69451
SO69451
SO69451
SO69451
SO69451
SO69451
SO69451
SO69451
SO69451
SO69451
SO69452
SO69452
SO69452
SO69452
SO69453
SO69453
SO69453
SO69454
SO69454
SO69454
SO69454
SO69454
SO69454
SO69454
SO69454
SO69454
SO69454
SO69454
SO69454
SO69454
SO69454
SO69454
SO69454
SO69454
SO69454
SO69454
SO69454
SO69454
SO69454
SO69454
SO69454
SO69454
SO69454
SO69454
SO69454
SO69454
SO69454
SO69454
SO69454
SO69454
SO69454
SO69454
SO69454
SO69454
SO69454
SO69454
SO69454
SO69454
SO69454
SO69454
SO69454
SO69454
SO69454
SO69455
SO69455
SO69455
SO69455
SO69455
SO69456
SO69456
SO69456
SO69456
SO69456
SO69456
SO69456
SO69456
SO69456
SO69456
SO69456
SO69456
SO69456
SO69456
SO69456
SO69456
SO69456
SO69456
SO69456
SO69456
SO69456
SO69456
SO69456
SO69456
SO69456
SO69456
SO69456
SO69456
SO69456
SO69456
SO69456
SO69456
SO69456
SO69456
SO69456
SO69456
SO69456
SO69456
SO69456
SO69456
SO69456
SO69456
SO69456
SO69456
SO69456
SO69456
SO69456
SO69456
SO69457
SO69457
SO69458
SO69459
SO69460
SO69460
SO69460
SO69460
SO69460
SO69460
SO69460
SO69460
SO69460
SO69460
SO69460
SO69460
SO69460
SO69460
SO69460
SO69461
SO69461
SO69461
SO69461
SO69461
SO69461
SO69461
SO69461
SO69461
SO69461
SO69461
SO69461
SO69461
SO69461
SO69461
SO69461
SO69461
SO69461
SO69461
SO69461
SO69461
SO69461
SO69461
SO69461
SO69461
SO69461
SO69461
SO69461
SO69461
SO69461
SO69461
SO69461
SO69461
SO69461
SO69461
SO69462
SO69462
SO69462
SO69462
SO69462
SO69462
SO69462
SO69462
SO69462
SO69462
SO69462
SO69462
SO69462
SO69462
SO69463
SO69464
SO69464
SO69464
SO69464
SO69464
SO69464
SO69464
SO69464
SO69464
SO69464
SO69464
SO69464
SO69464
SO69464
SO69464
SO69464
SO69464
SO69464
SO69464
SO69464
SO69464
SO69464
SO69464
SO69464
SO69464
SO69464
SO69464
SO69464
SO69464
SO69464
SO69464
SO69464
SO69464
SO69464
SO69464
SO69464
SO69464
SO69464
SO69464
SO69464
SO69464
SO69464
SO69464
SO69464
SO69464
SO69464
SO69464
SO69464
SO69464
SO69464
SO69464
SO69464
SO69464
SO69464
SO69464
SO69464
SO69464
SO69464
SO69465
SO69465
SO69465
SO69465
SO69465
SO69465
SO69465
SO69465
SO69465
SO69465
SO69465
SO69465
SO69465
SO69465
SO69465
SO69465
SO69465
SO69465
SO69465
SO69465
SO69465
SO69465
SO69465
SO69465
SO69465
SO69465
SO69465
SO69465
SO69465
SO69465
SO69465
SO69465
SO69465
SO69465
SO69465
SO69465
SO69465
SO69465
SO69465
SO69465
SO69465
SO69465
SO69466
SO69466
SO69466
SO69466
SO69466
SO69466
SO69466
SO69466
SO69466
SO69466
SO69466
SO69466
SO69466
SO69466
SO69466
SO69466
SO69466
SO69466
SO69466
SO69466
SO69466
SO69466
SO69466
SO69466
SO69466
SO69466
SO69466
SO69466
SO69466
SO69466
SO69466
SO69466
SO69466
SO69466
SO69466
SO69466
SO69466
SO69467
SO69467
SO69467
SO69467
SO69467
SO69467
SO69467
SO69467
SO69467
SO69467
SO69467
SO69467
SO69467
SO69467
SO69467
SO69467
SO69467
SO69467
SO69468
SO69468
SO69468
SO69468
SO69468
SO69468
SO69468
SO69468
SO69469
SO69470
SO69471
SO69471
SO69471
SO69471
SO69471
SO69471
SO69471
SO69471
SO69471
SO69471
SO69471
SO69471
SO69471
SO69471
SO69471
SO69471
SO69471
SO69471
SO69471
SO69471
SO69471
SO69471
SO69471
SO69471
SO69471
SO69471
SO69471
SO69471
SO69471
SO69471
SO69471
SO69471
SO69471
SO69471
SO69471
SO69471
SO69471
SO69471
SO69472
SO69472
SO69472
SO69472
SO69473
SO69473
SO69473
SO69473
SO69473
SO69473
SO69474
SO69474
SO69474
SO69474
SO69474
SO69474
SO69474
SO69474
SO69474
SO69474
SO69475
SO69475
SO69475
SO69475
SO69475
SO69475
SO69475
SO69475
SO69475
SO69475
SO69475
SO69475
SO69475
SO69475
SO69475
SO69475
SO69475
SO69475
SO69475
SO69475
SO69475
SO69475
SO69475
SO69475
SO69475
SO69475
SO69475
SO69475
SO69475
SO69475
SO69475
SO69475
SO69475
SO69475
SO69475
SO69475
SO69475
SO69475
SO69475
SO69475
SO69475
SO69475
SO69475
SO69476
SO69476
SO69476
SO69476
SO69476
SO69476
SO69476
SO69476
SO69476
SO69476
SO69476
SO69476
SO69477
SO69477
SO69478
SO69478
SO69478
SO69478
SO69478
SO69478
SO69478
SO69478
SO69478
SO69478
SO69478
SO69478
SO69478
SO69478
SO69478
SO69478
SO69478
SO69478
SO69478
SO69478
SO69478
SO69478
SO69478
SO69478
SO69478
SO69478
SO69478
SO69478
SO69478
SO69478
SO69478
SO69478
SO69478
SO69478
SO69478
SO69478
SO69478
SO69478
SO69478
SO69478
SO69479
SO69479
SO69479
SO69479
SO69479
SO69479
SO69479
SO69479
SO69479
SO69479
SO69479
SO69479
SO69479
SO69479
SO69479
SO69479
SO69479
SO69479
SO69479
SO69479
SO69479
SO69479
SO69479
SO69479
SO69479
SO69479
SO69479
SO69479
SO69479
SO69479
SO69479
SO69479
SO69479
SO69479
SO69479
SO69479
SO69479
SO69479
SO69480
SO69480
SO69480
SO69480
SO69481
SO69481
SO69481
SO69481
SO69481
SO69482
SO69482
SO69482
SO69482
SO69482
SO69482
SO69482
SO69482
SO69482
SO69482
SO69482
SO69482
SO69482
SO69482
SO69482
SO69483
SO69484
SO69484
SO69484
SO69485
SO69485
SO69485
SO69485
SO69485
SO69486
SO69487
SO69487
SO69487
SO69488
SO69488
SO69488
SO69488
SO69489
SO69489
SO69489
SO69489
SO69489
SO69489
SO69490
SO69490
SO69490
SO69491
SO69491
SO69491
SO69491
SO69492
SO69493
SO69493
SO69493
SO69493
SO69493
SO69493
SO69494
SO69495
SO69495
SO69495
SO69495
SO69495
SO69496
SO69497
SO69498
SO69498
SO69499
SO69499
SO69499
SO69499
SO69500
SO69500
SO69500
SO69500
SO69500
SO69500
SO69501
SO69501
SO69501
SO69501
SO69501
SO69501
SO69501
SO69501
SO69501
SO69501
SO69501
SO69501
SO69501
SO69501
SO69501
SO69501
SO69501
SO69501
SO69501
SO69501
SO69501
SO69501
SO69501
SO69501
SO69501
SO69501
SO69501
SO69501
SO69501
SO69501
SO69501
SO69501
SO69501
SO69501
SO69501
SO69502
SO69502
SO69502
SO69502
SO69503
SO69503
SO69503
SO69503
SO69503
SO69503
SO69503
SO69503
SO69503
SO69503
SO69503
SO69503
SO69503
SO69503
SO69503
SO69503
SO69503
SO69503
SO69503
SO69503
SO69503
SO69503
SO69503
SO69503
SO69503
SO69503
SO69503
SO69503
SO69503
SO69503
SO69503
SO69503
SO69503
SO69503
SO69503
SO69503
SO69503
SO69503
SO69503
SO69504
SO69504
SO69504
SO69504
SO69504
SO69505
SO69505
SO69505
SO69505
SO69505
SO69505
SO69505
SO69505
SO69505
SO69505
SO69505
SO69505
SO69505
SO69505
SO69505
SO69505
SO69506
SO69506
SO69506
SO69506
SO69506
SO69506
SO69506
SO69506
SO69506
SO69506
SO69506
SO69506
SO69506
SO69506
SO69506
SO69507
SO69507
SO69507
SO69507
SO69507
SO69508
SO69508
SO69508
SO69508
SO69508
SO69508
SO69508
SO69508
SO69508
SO69508
SO69508
SO69508
SO69508
SO69508
SO69508
SO69508
SO69508
SO69508
SO69508
SO69508
SO69508
SO69508
SO69508
SO69508
SO69508
SO69508
SO69508
SO69508
SO69508
SO69508
SO69508
SO69508
SO69508
SO69508
SO69508
SO69508
SO69508
SO69508
SO69509
SO69509
SO69509
SO69509
SO69509
SO69509
SO69509
SO69509
SO69509
SO69509
SO69509
SO69509
SO69509
SO69509
SO69509
SO69509
SO69509
SO69509
SO69509
SO69509
SO69509
SO69509
SO69509
SO69509
SO69509
SO69510
SO69510
SO69510
SO69510
SO69510
SO69510
SO69510
SO69510
SO69511
SO69511
SO69511
SO69511
SO69511
SO69511
SO69511
SO69511
SO69511
SO69511
SO69511
SO69511
SO69511
SO69511
SO69511
SO69511
SO69511
SO69511
SO69511
SO69511
SO69511
SO69511
SO69511
SO69511
SO69511
SO69511
SO69511
SO69511
SO69511
SO69511
SO69511
SO69511
SO69511
SO69511
SO69511
SO69511
SO69511
SO69511
SO69511
SO69511
SO69512
SO69513
SO69513
SO69513
SO69513
SO69513
SO69513
SO69513
SO69513
SO69513
SO69513
SO69513
SO69513
SO69513
SO69513
SO69513
SO69513
SO69514
SO69514
SO69514
SO69514
SO69514
SO69514
SO69514
SO69515
SO69515
SO69515
SO69515
SO69515
SO69515
SO69515
SO69515
SO69515
SO69515
SO69515
SO69515
SO69515
SO69515
SO69515
SO69515
SO69515
SO69515
SO69515
SO69515
SO69515
SO69515
SO69515
SO69515
SO69515
SO69515
SO69516
SO69517
SO69517
SO69517
SO69517
SO69517
SO69518
SO69518
SO69518
SO69518
SO69518
SO69518
SO69518
SO69518
SO69518
SO69518
SO69518
SO69518
SO69518
SO69518
SO69518
SO69518
SO69518
SO69518
SO69518
SO69518
SO69518
SO69518
SO69518
SO69518
SO69518
SO69518
SO69518
SO69518
SO69518
SO69518
SO69519
SO69520
SO69520
SO69520
SO69520
SO69520
SO69520
SO69520
SO69520
SO69520
SO69520
SO69520
SO69520
SO69520
SO69520
SO69520
SO69520
SO69520
SO69520
SO69520
SO69520
SO69520
SO69520
SO69520
SO69520
SO69520
SO69520
SO69520
SO69520
SO69520
SO69520
SO69520
SO69520
SO69520
SO69520
SO69520
SO69520
SO69520
SO69520
SO69520
SO69520
SO69520
SO69520
SO69521
SO69521
SO69521
SO69521
SO69521
SO69521
SO69521
SO69521
SO69521
SO69521
SO69521
SO69521
SO69521
SO69521
SO69521
SO69521
SO69521
SO69521
SO69521
SO69521
SO69521
SO69521
SO69522
SO69522
SO69522
SO69522
SO69522
SO69522
SO69522
SO69522
SO69522
SO69522
SO69522
SO69522
SO69522
SO69522
SO69522
SO69522
SO69522
SO69522
SO69522
SO69522
SO69522
SO69522
SO69522
SO69522
SO69522
SO69522
SO69522
SO69522
SO69522
SO69522
SO69522
SO69522
SO69522
SO69522
SO69522
SO69522
SO69523
SO69524
SO69524
SO69524
SO69525
SO69525
SO69525
SO69525
SO69525
SO69525
SO69525
SO69525
SO69525
SO69525
SO69525
SO69525
SO69525
SO69525
SO69525
SO69525
SO69525
SO69525
SO69525
SO69525
SO69525
SO69525
SO69525
SO69525
SO69525
SO69525
SO69526
SO69526
SO69526
SO69526
SO69526
SO69526
SO69526
SO69526
SO69526
SO69526
SO69526
SO69526
SO69526
SO69526
SO69526
SO69526
SO69526
SO69526
SO69526
SO69526
SO69526
SO69526
SO69526
SO69526
SO69526
SO69527
SO69527
SO69527
SO69527
SO69527
SO69527
SO69527
SO69527
SO69527
SO69527
SO69527
SO69527
SO69527
SO69527
SO69527
SO69527
SO69527
SO69527
SO69527
SO69527
SO69527
SO69527
SO69527
SO69528
SO69528
SO69528
SO69528
SO69528
SO69528
SO69528
SO69528
SO69528
SO69528
SO69528
SO69528
SO69528
SO69528
SO69528
SO69528
SO69528
SO69528
SO69528
SO69528
SO69528
SO69528
SO69528
SO69528
SO69528
SO69528
SO69528
SO69528
SO69528
SO69528
SO69528
SO69528
SO69528
SO69528
SO69528
SO69528
SO69528
SO69528
SO69528
SO69528
SO69528
SO69528
SO69528
SO69528
SO69528
SO69528
SO69528
SO69528
SO69528
SO69528
SO69529
SO69529
SO69529
SO69530
SO69531
SO69531
SO69531
SO69531
SO69531
SO69531
SO69531
SO69531
SO69531
SO69531
SO69531
SO69531
SO69531
SO69531
SO69531
SO69531
SO69531
SO69531
SO69531
SO69531
SO69531
SO69531
SO69531
SO69531
SO69531
SO69531
SO69531
SO69531
SO69531
SO69531
SO69531
SO69531
SO69531
SO69531
SO69531
SO69531
SO69531
SO69532
SO69532
SO69532
SO69532
SO69532
SO69532
SO69532
SO69532
SO69532
SO69532
SO69532
SO69532
SO69532
SO69532
SO69532
SO69532
SO69532
SO69532
SO69532
SO69532
SO69532
SO69532
SO69532
SO69532
SO69532
SO69532
SO69532
SO69532
SO69532
SO69532
SO69532
SO69532
SO69532
SO69532
SO69532
SO69532
SO69532
SO69532
SO69532
SO69532
SO69532
SO69532
SO69532
SO69532
SO69532
SO69532
SO69532
SO69532
SO69532
SO69532
SO69532
SO69533
SO69533
SO69533
SO69533
SO69533
SO69533
SO69533
SO69533
SO69533
SO69533
SO69533
SO69533
SO69533
SO69533
SO69533
SO69533
SO69533
SO69533
SO69533
SO69533
SO69533
SO69533
SO69533
SO69533
SO69533
SO69533
SO69533
SO69533
SO69533
SO69533
SO69533
SO69533
SO69533
SO69534
SO69534
SO69534
SO69534
SO69535
SO69535
SO69535
SO69535
SO69535
SO69535
SO69535
SO69535
SO69535
SO69535
SO69535
SO69535
SO69535
SO69535
SO69535
SO69535
SO69535
SO69535
SO69535
SO69535
SO69535
SO69535
SO69535
SO69535
SO69535
SO69535
SO69535
SO69535
SO69535
SO69536
SO69536
SO69536
SO69536
SO69536
SO69536
SO69536
SO69536
SO69536
SO69536
SO69536
SO69536
SO69536
SO69536
SO69536
SO69536
SO69536
SO69536
SO69536
SO69536
SO69536
SO69536
SO69536
SO69536
SO69536
SO69536
SO69536
SO69536
SO69536
SO69536
SO69536
SO69536
SO69536
SO69536
SO69536
SO69536
SO69536
SO69536
SO69536
SO69536
SO69537
SO69537
SO69538
SO69538
SO69538
SO69538
SO69538
SO69538
SO69538
SO69539
SO69539
SO69539
SO69539
SO69539
SO69539
SO69539
SO69539
SO69540
SO69540
SO69540
SO69540
SO69540
SO69540
SO69540
SO69540
SO69540
SO69540
SO69540
SO69540
SO69540
SO69540
SO69540
SO69540
SO69540
SO69540
SO69540
SO69540
SO69540
SO69540
SO69540
SO69540
SO69540
SO69540
SO69540
SO69540
SO69540
SO69540
SO69540
SO69540
SO69540
SO69540
SO69540
SO69540
SO69540
SO69540
SO69540
SO69540
SO69541
SO69541
SO69541
SO69541
SO69541
SO69541
SO69541
SO69541
SO69541
SO69542
SO69542
SO69542
SO69542
SO69542
SO69542
SO69542
SO69542
SO69542
SO69542
SO69542
SO69542
SO69542
SO69542
SO69542
SO69542
SO69542
SO69542
SO69542
SO69542
SO69542
SO69542
SO69542
SO69542
SO69542
SO69543
SO69544
SO69544
SO69544
SO69544
SO69544
SO69544
SO69544
SO69544
SO69544
SO69544
SO69544
SO69544
SO69544
SO69544
SO69544
SO69544
SO69544
SO69544
SO69544
SO69544
SO69544
SO69544
SO69544
SO69545
SO69545
SO69545
SO69545
SO69545
SO69545
SO69545
SO69545
SO69545
SO69545
SO69545
SO69545
SO69545
SO69545
SO69545
SO69545
SO69545
SO69545
SO69545
SO69545
SO69545
SO69545
SO69545
SO69545
SO69545
SO69545
SO69545
SO69545
SO69545
SO69545
SO69545
SO69545
SO69545
SO69545
SO69545
SO69545
SO69545
SO69545
SO69545
SO69545
SO69545
SO69545
SO69546
SO69546
SO69546
SO69546
SO69546
SO69546
SO69546
SO69546
SO69546
SO69546
SO69546
SO69546
SO69546
SO69547
SO69548
SO69549
SO69549
SO69549
SO69550
SO69550
SO69550
SO69550
SO69550
SO69550
SO69550
SO69550
SO69550
SO69550
SO69550
SO69550
SO69550
SO69550
SO69550
SO69550
SO69550
SO69550
SO69550
SO69550
SO69551
SO69552
SO69552
SO69552
SO69552
SO69552
SO69552
SO69552
SO69552
SO69553
SO69553
SO69553
SO69553
SO69553
SO69554
SO69554
SO69554
SO69554
SO69554
SO69554
SO69554
SO69554
SO69554
SO69554
SO69554
SO69554
SO69554
SO69555
SO69556
SO69556
SO69556
SO69557
SO69557
SO69557
SO69557
SO69557
SO69557
SO69557
SO69558
SO69558
SO69558
SO69558
SO69558
SO69558
SO69558
SO69558
SO69558
SO69558
SO69558
SO69558
SO69558
SO69558
SO69558
SO69558
SO69558
SO69558
SO69558
SO69558
SO69558
SO69558
SO69558
SO69558
SO69558
SO69558
SO69558
SO69558
SO69558
SO69558
SO69558
SO69559
SO69559
SO69560
SO69560
SO69560
SO69560
SO69560
SO69560
SO69560
SO69560
SO69560
SO69560
SO69560
SO69560
SO69560
SO69560
SO69560
SO69560
SO69560
SO69560
SO69560
SO69560
SO69560
SO69560
SO69560
SO69560
SO69560
SO69560
SO69560
SO69560
SO69560
SO69560
SO69561
SO69561
SO69561
SO69561
SO69561
SO69561
SO69561
SO69561
SO69561
SO69561
SO69561
SO69561
SO69561
SO69561
SO69561
SO69561
SO69561
SO69561
SO69561
SO69561
SO69561
SO69561
SO69561
SO69561
SO69561
SO69561
SO69561
SO69561
SO69561
SO69561
SO69561
SO69561
SO69561
SO69561
SO69561
SO69561
SO69561
SO69561
SO69561
SO69561
SO69561
SO69561
SO69561
SO69561
SO69561
SO69561
SO69561
SO69561
SO69561
SO69561
SO69561
SO69561
SO69561
SO69561
SO69562
SO69562
SO69563
SO69563
SO69563
SO69563
SO69563
SO69563
SO69563
SO69563
SO69563
SO69563
SO69563
SO69563
SO69563
SO69563
SO69564
SO69564
SO69564
SO69564
SO69564
SO69564
SO69564
SO69564
SO69564
SO69564
SO69564
SO69564
SO69564
SO69564
SO69564
SO69564
SO69564
SO69565
SO69565
SO69565
SO69565
SO69565
SO69565
SO69565
SO71691
SO71691
SO71774
SO71774
SO71775
SO71775
SO71775
SO71776
SO71777
SO71777
SO71778
SO71778
SO71778
SO71778
SO71779
SO71779
SO71779
SO71779
SO71779
SO71779
SO71779
SO71779
SO71779
SO71779
SO71779
SO71779
SO71779
SO71779
SO71779
SO71779
SO71779
SO71779
SO71779
SO71779
SO71779
SO71779
SO71779
SO71779
SO71779
SO71779
SO71779
SO71779
SO71779
SO71779
SO71779
SO71779
SO71779
SO71779
SO71779
SO71779
SO71779
SO71779
SO71779
SO71779
SO71779
SO71779
SO71780
SO71780
SO71780
SO71780
SO71780
SO71780
SO71780
SO71780
SO71780
SO71780
SO71780
SO71780
SO71780
SO71780
SO71780
SO71780
SO71780
SO71780
SO71780
SO71780
SO71780
SO71780
SO71780
SO71780
SO71780
SO71780
SO71780
SO71780
SO71780
SO71781
SO71781
SO71781
SO71781
SO71781
SO71781
SO71781
SO71781
SO71781
SO71781
SO71781
SO71781
SO71781
SO71781
SO71781
SO71781
SO71781
SO71781
SO71781
SO71781
SO71781
SO71781
SO71782
SO71782
SO71782
SO71782
SO71782
SO71782
SO71782
SO71782
SO71782
SO71782
SO71782
SO71782
SO71782
SO71782
SO71782
SO71782
SO71782
SO71782
SO71782
SO71782
SO71782
SO71782
SO71782
SO71782
SO71782
SO71782
SO71782
SO71782
SO71782
SO71782
SO71782
SO71782
SO71782
SO71782
SO71782
SO71782
SO71782
SO71782
SO71782
SO71782
SO71782
SO71782
SO71782
SO71783
SO71783
SO71783
SO71783
SO71783
SO71783
SO71783
SO71783
SO71783
SO71783
SO71783
SO71783
SO71783
SO71783
SO71783
SO71783
SO71783
SO71783
SO71783
SO71783
SO71783
SO71783
SO71783
SO71783
SO71783
SO71783
SO71783
SO71783
SO71783
SO71783
SO71783
SO71783
SO71783
SO71783
SO71783
SO71783
SO71783
SO71783
SO71783
SO71783
SO71783
SO71783
SO71783
SO71784
SO71784
SO71784
SO71784
SO71784
SO71784
SO71784
SO71784
SO71784
SO71784
SO71784
SO71784
SO71784
SO71784
SO71784
SO71784
SO71784
SO71784
SO71784
SO71784
SO71784
SO71784
SO71784
SO71784
SO71784
SO71784
SO71784
SO71784
SO71784
SO71784
SO71784
SO71784
SO71784
SO71784
SO71784
SO71784
SO71784
SO71784
SO71784
SO71784
SO71784
SO71784
SO71784
SO71785
SO71785
SO71785
SO71785
SO71785
SO71785
SO71785
SO71785
SO71785
SO71785
SO71785
SO71785
SO71785
SO71785
SO71785
SO71785
SO71785
SO71785
SO71785
SO71785
SO71785
SO71785
SO71785
SO71785
SO71785
SO71785
SO71785
SO71785
SO71786
SO71786
SO71786
SO71786
SO71787
SO71787
SO71787
SO71787
SO71787
SO71787
SO71787
SO71787
SO71787
SO71787
SO71787
SO71787
SO71787
SO71787
SO71787
SO71787
SO71787
SO71787
SO71787
SO71787
SO71787
SO71787
SO71787
SO71787
SO71787
SO71787
SO71787
SO71788
SO71788
SO71788
SO71789
SO71790
SO71790
SO71790
SO71790
SO71790
SO71790
SO71790
SO71790
SO71790
SO71790
SO71790
SO71790
SO71790
SO71791
SO71791
SO71791
SO71791
SO71791
SO71791
SO71791
SO71791
SO71791
SO71791
SO71791
SO71791
SO71791
SO71792
SO71792
SO71792
SO71792
SO71792
SO71792
SO71792
SO71792
SO71792
SO71792
SO71792
SO71792
SO71792
SO71792
SO71792
SO71792
SO71792
SO71792
SO71792
SO71792
SO71792
SO71792
SO71792
SO71792
SO71792
SO71792
SO71792
SO71792
SO71793
SO71794
SO71794
SO71794
SO71794
SO71794
SO71794
SO71794
SO71794
SO71794
SO71794
SO71794
SO71794
SO71794
SO71794
SO71794
SO71794
SO71794
SO71794
SO71794
SO71794
SO71794
SO71794
SO71794
SO71794
SO71794
SO71794
SO71794
SO71794
SO71794
SO71794
SO71794
SO71794
SO71794
SO71794
SO71794
SO71794
SO71794
SO71794
SO71794
SO71794
SO71794
SO71794
SO71794
SO71794
SO71794
SO71794
SO71794
SO71794
SO71794
SO71794
SO71794
SO71794
SO71794
SO71794
SO71794
SO71794
SO71794
SO71794
SO71794
SO71794
SO71794
SO71795
SO71795
SO71795
SO71795
SO71795
SO71795
SO71795
SO71795
SO71795
SO71795
SO71795
SO71795
SO71795
SO71795
SO71795
SO71795
SO71795
SO71795
SO71795
SO71795
SO71795
SO71795
SO71795
SO71795
SO71795
SO71795
SO71795
SO71795
SO71795
SO71795
SO71795
SO71795
SO71795
SO71795
SO71795
SO71795
SO71795
SO71795
SO71795
SO71795
SO71795
SO71795
SO71795
SO71796
SO71796
SO71796
SO71796
SO71796
SO71796
SO71796
SO71796
SO71796
SO71796
SO71796
SO71796
SO71796
SO71796
SO71796
SO71796
SO71796
SO71796
SO71796
SO71796
SO71797
SO71797
SO71797
SO71797
SO71797
SO71797
SO71797
SO71797
SO71797
SO71797
SO71797
SO71797
SO71797
SO71797
SO71797
SO71797
SO71797
SO71797
SO71797
SO71797
SO71797
SO71797
SO71797
SO71797
SO71797
SO71797
SO71797
SO71797
SO71797
SO71797
SO71797
SO71797
SO71797
SO71797
SO71797
SO71797
SO71797
SO71797
SO71797
SO71797
SO71797
SO71797
SO71797
SO71797
SO71797
SO71797
SO71798
SO71798
SO71798
SO71798
SO71798
SO71798
SO71798
SO71798
SO71798
SO71798
SO71798
SO71798
SO71798
SO71798
SO71798
SO71798
SO71798
SO71798
SO71798
SO71798
SO71798
SO71798
SO71798
SO71798
SO71798
SO71799
SO71799
SO71799
SO71799
SO71799
SO71799
SO71799
SO71799
SO71799
SO71799
SO71799
SO71799
SO71799
SO71799
SO71799
SO71799
SO71799
SO71799
SO71799
SO71799
SO71799
SO71799
SO71799
SO71799
SO71799
SO71799
SO71799
SO71799
SO71800
SO71800
SO71800
SO71800
SO71800
SO71800
SO71800
SO71800
SO71800
SO71800
SO71800
SO71800
SO71800
SO71800
SO71800
SO71800
SO71800
SO71800
SO71800
SO71800
SO71800
SO71800
SO71800
SO71801
SO71801
SO71801
SO71801
SO71801
SO71801
SO71801
SO71801
SO71801
SO71801
SO71801
SO71801
SO71801
SO71801
SO71801
SO71801
SO71801
SO71801
SO71801
SO71801
SO71801
SO71801
SO71801
SO71801
SO71801
SO71801
SO71801
SO71801
SO71801
SO71801
SO71801
SO71801
SO71801
SO71801
SO71801
SO71801
SO71801
SO71801
SO71801
SO71801
SO71801
SO71802
SO71802
SO71802
SO71802
SO71802
SO71802
SO71802
SO71802
SO71802
SO71802
SO71802
SO71802
SO71802
SO71802
SO71802
SO71802
SO71802
SO71802
SO71802
SO71802
SO71802
SO71802
SO71802
SO71802
SO71802
SO71802
SO71803
SO71803
SO71803
SO71803
SO71803
SO71803
SO71803
SO71803
SO71803
SO71803
SO71803
SO71803
SO71803
SO71803
SO71803
SO71803
SO71803
SO71803
SO71803
SO71803
SO71803
SO71803
SO71803
SO71803
SO71803
SO71803
SO71803
SO71803
SO71803
SO71803
SO71803
SO71803
SO71803
SO71803
SO71803
SO71803
SO71803
SO71803
SO71803
SO71803
SO71803
SO71803
SO71803
SO71803
SO71803
SO71804
SO71804
SO71804
SO71804
SO71804
SO71805
SO71805
SO71805
SO71805
SO71805
SO71805
SO71805
SO71805
SO71805
SO71805
SO71805
SO71805
SO71805
SO71805
SO71805
SO71805
SO71805
SO71805
SO71805
SO71805
SO71805
SO71805
SO71805
SO71805
SO71805
SO71805
SO71805
SO71805
SO71805
SO71805
SO71805
SO71805
SO71805
SO71805
SO71805
SO71805
SO71805
SO71805
SO71805
SO71805
SO71805
SO71805
SO71805
SO71805
SO71805
SO71805
SO71805
SO71805
SO71806
SO71806
SO71806
SO71806
SO71806
SO71806
SO71806
SO71806
SO71806
SO71806
SO71806
SO71806
SO71806
SO71806
SO71806
SO71806
SO71806
SO71806
SO71806
SO71806
SO71806
SO71806
SO71806
SO71806
SO71806
SO71806
SO71806
SO71806
SO71806
SO71806
SO71807
SO71807
SO71808
SO71808
SO71808
SO71808
SO71808
SO71808
SO71808
SO71808
SO71808
SO71808
SO71808
SO71808
SO71808
SO71808
SO71808
SO71808
SO71808
SO71808
SO71808
SO71808
SO71808
SO71808
SO71808
SO71808
SO71808
SO71808
SO71808
SO71808
SO71808
SO71808
SO71808
SO71808
SO71808
SO71808
SO71808
SO71808
SO71809
SO71809
SO71809
SO71809
SO71810
SO71810
SO71811
SO71811
SO71811
SO71811
SO71811
SO71812
SO71812
SO71812
SO71812
SO71812
SO71812
SO71812
SO71812
SO71812
SO71812
SO71812
SO71812
SO71812
SO71812
SO71812
SO71812
SO71812
SO71812
SO71812
SO71812
SO71812
SO71812
SO71812
SO71812
SO71812
SO71812
SO71813
SO71813
SO71813
SO71813
SO71813
SO71813
SO71813
SO71813
SO71813
SO71813
SO71813
SO71813
SO71813
SO71813
SO71813
SO71813
SO71813
SO71814
SO71814
SO71814
SO71814
SO71815
SO71815
SO71815
SO71816
SO71816
SO71816
SO71816
SO71816
SO71816
SO71816
SO71817
SO71817
SO71818
SO71818
SO71818
SO71818
SO71818
SO71818
SO71818
SO71818
SO71818
SO71818
SO71818
SO71818
SO71818
SO71818
SO71818
SO71818
SO71818
SO71818
SO71818
SO71818
SO71818
SO71818
SO71818
SO71818
SO71818
SO71818
SO71819
SO71819
SO71819
SO71819
SO71819
SO71819
SO71819
SO71819
SO71819
SO71819
SO71819
SO71819
SO71819
SO71819
SO71819
SO71819
SO71819
SO71819
SO71819
SO71819
SO71819
SO71819
SO71819
SO71819
SO71819
SO71819
SO71819
SO71819
SO71819
SO71819
SO71819
SO71819
SO71819
SO71819
SO71819
SO71819
SO71819
SO71819
SO71819
SO71819
SO71819
SO71819
SO71819
SO71819
SO71820
SO71820
SO71820
SO71820
SO71820
SO71820
SO71820
SO71820
SO71820
SO71820
SO71820
SO71820
SO71820
SO71820
SO71820
SO71820
SO71820
SO71820
SO71820
SO71820
SO71821
SO71821
SO71821
SO71821
SO71821
SO71821
SO71822
SO71822
SO71822
SO71822
SO71822
SO71822
SO71822
SO71822
SO71822
SO71822
SO71822
SO71822
SO71822
SO71822
SO71822
SO71822
SO71822
SO71822
SO71822
SO71822
SO71822
SO71822
SO71822
SO71822
SO71822
SO71822
SO71822
SO71822
SO71822
SO71822
SO71822
SO71822
SO71822
SO71822
SO71822
SO71822
SO71822
SO71822
SO71822
SO71822
SO71822
SO71822
SO71823
SO71823
SO71823
SO71823
SO71823
SO71823
SO71824
SO71824
SO71824
SO71824
SO71824
SO71824
SO71824
SO71824
SO71824
SO71824
SO71824
SO71824
SO71824
SO71824
SO71824
SO71824
SO71824
SO71824
SO71824
SO71824
SO71824
SO71824
SO71824
SO71824
SO71824
SO71824
SO71824
SO71825
SO71825
SO71825
SO71825
SO71825
SO71826
SO71826
SO71826
SO71826
SO71826
SO71826
SO71826
SO71826
SO71826
SO71826
SO71826
SO71826
SO71826
SO71826
SO71826
SO71826
SO71826
SO71826
SO71826
SO71826
SO71826
SO71826
SO71826
SO71826
SO71826
SO71826
SO71826
SO71826
SO71826
SO71826
SO71826
SO71826
SO71826
SO71826
SO71826
SO71826
SO71826
SO71826
SO71826
SO71826
SO71826
SO71826
SO71826
SO71827
SO71827
SO71827
SO71827
SO71827
SO71827
SO71827
SO71827
SO71827
SO71827
SO71827
SO71827
SO71827
SO71827
SO71827
SO71827
SO71827
SO71827
SO71828
SO71828
SO71828
SO71828
SO71828
SO71828
SO71828
SO71828
SO71828
SO71828
SO71828
SO71828
SO71828
SO71828
SO71828
SO71828
SO71828
SO71828
SO71828
SO71829
SO71829
SO71829
SO71829
SO71829
SO71829
SO71829
SO71829
SO71829
SO71829
SO71829
SO71829
SO71829
SO71829
SO71829
SO71829
SO71829
SO71829
SO71829
SO71829
SO71829
SO71829
SO71829
SO71829
SO71829
SO71829
SO71829
SO71829
SO71830
SO71830
SO71830
SO71830
SO71830
SO71830
SO71830
SO71830
SO71830
SO71830
SO71830
SO71830
SO71830
SO71830
SO71830
SO71830
SO71830
SO71830
SO71830
SO71830
SO71830
SO71830
SO71830
SO71830
SO71830
SO71830
SO71830
SO71830
SO71830
SO71830
SO71830
SO71830
SO71830
SO71830
SO71830
SO71830
SO71830
SO71830
SO71830
SO71830
SO71830
SO71830
SO71830
SO71831
SO71831
SO71831
SO71832
SO71832
SO71832
SO71832
SO71832
SO71832
SO71832
SO71832
SO71832
SO71832
SO71832
SO71832
SO71832
SO71832
SO71832
SO71832
SO71832
SO71832
SO71832
SO71832
SO71832
SO71832
SO71832
SO71832
SO71832
SO71832
SO71832
SO71832
SO71832
SO71832
SO71833
SO71833
SO71833
SO71833
SO71833
SO71833
SO71833
SO71833
SO71833
SO71833
SO71833
SO71833
SO71833
SO71833
SO71833
SO71833
SO71833
SO71833
SO71833
SO71833
SO71833
SO71833
SO71833
SO71833
SO71833
SO71833
SO71833
SO71833
SO71833
SO71833
SO71833
SO71833
SO71833
SO71833
SO71833
SO71833
SO71833
SO71833
SO71833
SO71833
SO71833
SO71833
SO71833
SO71834
SO71834
SO71834
SO71834
SO71835
SO71835
SO71835
SO71835
SO71835
SO71835
SO71835
SO71835
SO71835
SO71835
SO71835
SO71835
SO71835
SO71835
SO71835
SO71835
SO71835
SO71835
SO71835
SO71835
SO71835
SO71835
SO71835
SO71835
SO71835
SO71835
SO71835
SO71835
SO71835
SO71835
SO71835
SO71835
SO71835
SO71835
SO71835
SO71835
SO71836
SO71836
SO71836
SO71836
SO71836
SO71836
SO71836
SO71836
SO71836
SO71836
SO71836
SO71836
SO71836
SO71836
SO71836
SO71836
SO71836
SO71836
SO71836
SO71836
SO71836
SO71836
SO71836
SO71836
SO71836
SO71836
SO71836
SO71836
SO71836
SO71836
SO71836
SO71836
SO71836
SO71836
SO71836
SO71836
SO71836
SO71836
SO71836
SO71836
SO71836
SO71836
SO71836
SO71836
SO71836
SO71836
SO71836
SO71836
SO71837
SO71837
SO71837
SO71837
SO71837
SO71837
SO71837
SO71837
SO71837
SO71837
SO71837
SO71837
SO71837
SO71837
SO71837
SO71837
SO71837
SO71837
SO71837
SO71837
SO71837
SO71837
SO71837
SO71837
SO71837
SO71837
SO71837
SO71837
SO71838
SO71838
SO71838
SO71838
SO71838
SO71838
SO71838
SO71838
SO71839
SO71839
SO71839
SO71839
SO71839
SO71839
SO71839
SO71839
SO71839
SO71839
SO71839
SO71839
SO71839
SO71839
SO71839
SO71839
SO71839
SO71839
SO71839
SO71839
SO71839
SO71839
SO71839
SO71839
SO71839
SO71839
SO71839
SO71839
SO71839
SO71839
SO71839
SO71839
SO71839
SO71839
SO71839
SO71839
SO71839
SO71839
SO71839
SO71839
SO71839
SO71839
SO71839
SO71840
SO71840
SO71840
SO71840
SO71840
SO71841
SO71841
SO71841
SO71841
SO71841
SO71841
SO71841
SO71841
SO71841
SO71841
SO71841
SO71841
SO71841
SO71841
SO71841
SO71841
SO71841
SO71841
SO71841
SO71841
SO71841
SO71841
SO71841
SO71841
SO71841
SO71841
SO71841
SO71841
SO71841
SO71841
SO71841
SO71841
SO71841
SO71841
SO71841
SO71841
SO71841
SO71841
SO71841
SO71841
SO71841
SO71841
SO71841
SO71841
SO71841
SO71841
SO71841
SO71841
SO71841
SO71841
SO71842
SO71843
SO71844
SO71844
SO71844
SO71844
SO71844
SO71844
SO71844
SO71844
SO71844
SO71844
SO71844
SO71844
SO71844
SO71844
SO71844
SO71844
SO71844
SO71844
SO71844
SO71844
SO71844
SO71844
SO71844
SO71844
SO71844
SO71844
SO71844
SO71844
SO71845
SO71845
SO71845
SO71845
SO71845
SO71845
SO71845
SO71845
SO71845
SO71845
SO71845
SO71845
SO71845
SO71845
SO71845
SO71845
SO71845
SO71845
SO71845
SO71845
SO71845
SO71845
SO71845
SO71845
SO71845
SO71845
SO71845
SO71845
SO71845
SO71845
SO71845
SO71846
SO71846
SO71846
SO71846
SO71847
SO71847
SO71847
SO71847
SO71847
SO71847
SO71847
SO71847
SO71847
SO71847
SO71847
SO71847
SO71847
SO71847
SO71847
SO71847
SO71847
SO71847
SO71847
SO71847
SO71847
SO71847
SO71847
SO71847
SO71847
SO71847
SO71847
SO71847
SO71847
SO71847
SO71848
SO71848
SO71848
SO71848
SO71848
SO71848
SO71848
SO71848
SO71848
SO71848
SO71848
SO71848
SO71849
SO71849
SO71849
SO71849
SO71849
SO71849
SO71849
SO71849
SO71849
SO71849
SO71849
SO71850
SO71850
SO71850
SO71850
SO71850
SO71850
SO71850
SO71850
SO71850
SO71850
SO71850
SO71851
SO71851
SO71851
SO71851
SO71851
SO71851
SO71851
SO71851
SO71851
SO71851
SO71851
SO71851
SO71851
SO71851
SO71851
SO71851
SO71851
SO71851
SO71851
SO71851
SO71851
SO71851
SO71851
SO71851
SO71851
SO71851
SO71851
SO71851
SO71851
SO71851
SO71851
SO71851
SO71851
SO71851
SO71851
SO71851
SO71851
SO71851
SO71851
SO71851
SO71851
SO71851
SO71851
SO71851
SO71851
SO71851
SO71851
SO71851
SO71851
SO71851
SO71851
SO71851
SO71852
SO71852
SO71852
SO71852
SO71852
SO71852
SO71852
SO71852
SO71852
SO71852
SO71852
SO71852
SO71852
SO71852
SO71852
SO71852
SO71852
SO71852
SO71852
SO71853
SO71853
SO71853
SO71853
SO71853
SO71853
SO71854
SO71854
SO71854
SO71854
SO71854
SO71854
SO71854
SO71854
SO71854
SO71854
SO71854
SO71854
SO71854
SO71854
SO71854
SO71854
SO71854
SO71854
SO71854
SO71854
SO71854
SO71854
SO71854
SO71854
SO71854
SO71854
SO71854
SO71854
SO71854
SO71854
SO71854
SO71854
SO71854
SO71854
SO71854
SO71854
SO71855
SO71856
SO71856
SO71857
SO71857
SO71857
SO71857
SO71857
SO71857
SO71857
SO71857
SO71857
SO71857
SO71857
SO71857
SO71857
SO71857
SO71857
SO71857
SO71857
SO71857
SO71857
SO71857
SO71857
SO71857
SO71857
SO71857
SO71857
SO71857
SO71858
SO71858
SO71858
SO71858
SO71858
SO71858
SO71858
SO71858
SO71858
SO71858
SO71858
SO71858
SO71858
SO71858
SO71858
SO71858
SO71858
SO71859
SO71859
SO71859
SO71859
SO71859
SO71859
SO71859
SO71859
SO71860
SO71861
SO71861
SO71862
SO71862
SO71862
SO71862
SO71863
SO71863
SO71863
SO71863
SO71863
SO71863
SO71863
SO71864
SO71864
SO71864
SO71864
SO71864
SO71864
SO71864
SO71864
SO71864
SO71864
SO71864
SO71864
SO71864
SO71864
SO71864
SO71864
SO71864
SO71864
SO71864
SO71865
SO71865
SO71866
SO71866
SO71866
SO71866
SO71866
SO71866
SO71866
SO71866
SO71866
SO71866
SO71866
SO71866
SO71866
SO71866
SO71866
SO71866
SO71866
SO71866
SO71866
SO71866
SO71866
SO71866
SO71866
SO71866
SO71866
SO71866
SO71866
SO71866
SO71866
SO71866
SO71866
SO71866
SO71866
SO71867
SO71868
SO71868
SO71868
SO71869
SO71870
SO71870
SO71871
SO71871
SO71871
SO71871
SO71871
SO71871
SO71871
SO71872
SO71873
SO71873
SO71873
SO71873
SO71874
SO71874
SO71875
SO71875
SO71876
SO71876
SO71876
SO71876
SO71876
SO71876
SO71876
SO71876
SO71877
SO71878
SO71878
SO71878
SO71879
SO71879
SO71879
SO71879
SO71879
SO71879
SO71880
SO71880
SO71880
SO71880
SO71880
SO71880
SO71880
SO71880
SO71880
SO71880
SO71880
SO71880
SO71880
SO71880
SO71880
SO71880
SO71880
SO71880
SO71880
SO71880
SO71880
SO71880
SO71880
SO71880
SO71880
SO71880
SO71880
SO71880
SO71880
SO71880
SO71880
SO71880
SO71880
SO71880
SO71880
SO71881
SO71881
SO71881
SO71881
SO71881
SO71881
SO71881
SO71881
SO71881
SO71881
SO71881
SO71881
SO71881
SO71881
SO71881
SO71881
SO71881
SO71881
SO71881
SO71881
SO71881
SO71881
SO71881
SO71881
SO71881
SO71881
SO71881
SO71881
SO71881
SO71881
SO71881
SO71881
SO71881
SO71881
SO71881
SO71881
SO71881
SO71881
SO71881
SO71881
SO71881
SO71881
SO71882
SO71882
SO71882
SO71882
SO71882
SO71882
SO71882
SO71882
SO71882
SO71882
SO71882
SO71882
SO71882
SO71882
SO71882
SO71882
SO71882
SO71882
SO71882
SO71882
SO71882
SO71882
SO71882
SO71882
SO71882
SO71882
SO71882
SO71882
SO71882
SO71882
SO71882
SO71882
SO71882
SO71883
SO71884
SO71884
SO71884
SO71884
SO71884
SO71884
SO71884
SO71884
SO71884
SO71884
SO71884
SO71884
SO71884
SO71884
SO71884
SO71884
SO71884
SO71884
SO71884
SO71884
SO71884
SO71884
SO71884
SO71884
SO71884
SO71884
SO71884
SO71884
SO71884
SO71884
SO71884
SO71884
SO71884
SO71884
SO71884
SO71884
SO71884
SO71884
SO71884
SO71884
SO71885
SO71885
SO71885
SO71886
SO71886
SO71886
SO71886
SO71886
SO71886
SO71886
SO71886
SO71886
SO71886
SO71886
SO71886
SO71886
SO71886
SO71886
SO71886
SO71886
SO71886
SO71886
SO71886
SO71886
SO71886
SO71886
SO71886
SO71886
SO71886
SO71886
SO71886
SO71886
SO71886
SO71886
SO71886
SO71886
SO71886
SO71886
SO71886
SO71886
SO71886
SO71886
SO71886
SO71886
SO71886
SO71886
SO71887
SO71887
SO71887
SO71887
SO71887
SO71888
SO71888
SO71889
SO71889
SO71889
SO71889
SO71889
SO71889
SO71889
SO71889
SO71889
SO71889
SO71889
SO71889
SO71889
SO71889
SO71889
SO71889
SO71889
SO71889
SO71889
SO71889
SO71889
SO71889
SO71889
SO71889
SO71889
SO71889
SO71889
SO71889
SO71889
SO71889
SO71889
SO71889
SO71889
SO71889
SO71889
SO71890
SO71890
SO71890
SO71890
SO71890
SO71890
SO71890
SO71890
SO71890
SO71890
SO71890
SO71890
SO71890
SO71890
SO71891
SO71891
SO71891
SO71891
SO71891
SO71892
SO71892
SO71892
SO71892
SO71892
SO71892
SO71892
SO71892
SO71892
SO71892
SO71892
SO71892
SO71892
SO71892
SO71892
SO71892
SO71892
SO71892
SO71892
SO71892
SO71892
SO71892
SO71892
SO71892
SO71892
SO71892
SO71892
SO71892
SO71892
SO71892
SO71892
SO71892
SO71892
SO71892
SO71892
SO71892
SO71892
SO71892
SO71892
SO71892
SO71892
SO71892
SO71892
SO71893
SO71893
SO71893
SO71893
SO71893
SO71893
SO71893
SO71893
SO71893
SO71893
SO71893
SO71893
SO71893
SO71893
SO71893
SO71893
SO71893
SO71893
SO71894
SO71894
SO71894
SO71894
SO71894
SO71894
SO71894
SO71894
SO71894
SO71894
SO71894
SO71894
SO71894
SO71894
SO71894
SO71894
SO71894
SO71894
SO71894
SO71894
SO71894
SO71894
SO71894
SO71894
SO71894
SO71894
SO71894
SO71894
SO71894
SO71894
SO71894
SO71894
SO71894
SO71894
SO71894
SO71894
SO71894
SO71894
SO71894
SO71894
SO71894
SO71894
SO71894
SO71894
SO71894
SO71894
SO71894
SO71894
SO71894
SO71894
SO71894
SO71894
SO71895
SO71895
SO71895
SO71896
SO71896
SO71896
SO71896
SO71896
SO71896
SO71896
SO71896
SO71896
SO71896
SO71896
SO71896
SO71896
SO71896
SO71896
SO71896
SO71896
SO71896
SO71896
SO71896
SO71896
SO71896
SO71896
SO71896
SO71896
SO71896
SO71896
SO71896
SO71896
SO71896
SO71896
SO71897
SO71897
SO71897
SO71897
SO71897
SO71897
SO71897
SO71897
SO71898
SO71898
SO71898
SO71898
SO71898
SO71898
SO71898
SO71898
SO71898
SO71898
SO71898
SO71898
SO71898
SO71898
SO71898
SO71898
SO71898
SO71898
SO71898
SO71898
SO71898
SO71898
SO71898
SO71898
SO71898
SO71898
SO71898
SO71898
SO71899
SO71899
SO71899
SO71899
SO71899
SO71899
SO71899
SO71899
SO71900
SO71900
SO71900
SO71901
SO71901
SO71901
SO71901
SO71901
SO71901
SO71901
SO71901
SO71902
SO71902
SO71902
SO71902
SO71902
SO71902
SO71902
SO71902
SO71902
SO71902
SO71902
SO71902
SO71902
SO71902
SO71902
SO71902
SO71902
SO71902
SO71902
SO71902
SO71902
SO71902
SO71902
SO71902
SO71902
SO71902
SO71902
SO71902
SO71902
SO71902
SO71902
SO71902
SO71902
SO71902
SO71902
SO71902
SO71902
SO71902
SO71902
SO71902
SO71902
SO71902
SO71902
SO71902
SO71902
SO71902
SO71902
SO71902
SO71902
SO71902
SO71903
SO71903
SO71903
SO71904
SO71904
SO71904
SO71904
SO71904
SO71904
SO71904
SO71904
SO71904
SO71904
SO71904
SO71904
SO71904
SO71904
SO71904
SO71904
SO71904
SO71904
SO71904
SO71904
SO71904
SO71904
SO71904
SO71905
SO71906
SO71906
SO71906
SO71907
SO71907
SO71907
SO71907
SO71907
SO71907
SO71907
SO71907
SO71907
SO71907
SO71907
SO71907
SO71907
SO71907
SO71907
SO71907
SO71907
SO71907
SO71907
SO71907
SO71907
SO71908
SO71908
SO71908
SO71908
SO71909
SO71909
SO71909
SO71909
SO71910
SO71910
SO71910
SO71910
SO71910
SO71911
SO71911
SO71912
SO71912
SO71913
SO71913
SO71913
SO71913
SO71913
SO71913
SO71913
SO71913
SO71913
SO71914
SO71914
SO71914
SO71914
SO71914
SO71914
SO71914
SO71914
SO71914
SO71915
SO71915
SO71915
SO71915
SO71915
SO71916
SO71916
SO71916
SO71916
SO71916
SO71916
SO71917
SO71918
SO71918
SO71918
SO71918
SO71918
SO71918
SO71918
SO71918
SO71918
SO71918
SO71918
SO71918
SO71918
SO71918
SO71918
SO71918
SO71918
SO71918
SO71918
SO71918
SO71918
SO71918
SO71918
SO71918
SO71918
SO71918
SO71918
SO71918
SO71918
SO71918
SO71918
SO71918
SO71918
SO71918
SO71918
SO71919
SO71919
SO71919
SO71920
SO71920
SO71920
SO71920
SO71920
SO71920
SO71921
SO71921
SO71921
SO71921
SO71921
SO71921
SO71922
SO71923
SO71923
SO71923
SO71924
SO71924
SO71925
SO71925
SO71925
SO71925
SO71925
SO71925
SO71925
SO71926
SO71926
SO71926
SO71927
SO71928
SO71928
SO71929
SO71930
SO71930
SO71930
SO71931
SO71931
SO71931
SO71932
SO71932
SO71932
SO71932
SO71932
SO71933
SO71933
SO71933
SO71933
SO71933
SO71933
SO71933
SO71933
SO71933
SO71933
SO71933
SO71933
SO71933
SO71933
SO71933
SO71933
SO71933
SO71933
SO71933
SO71933
SO71933
SO71933
SO71933
SO71933
SO71933
SO71933
SO71933
SO71933
SO71933
SO71933
SO71933
SO71933
SO71933
SO71933
SO71934
SO71934
SO71934
SO71935
SO71935
SO71935
SO71935
SO71935
SO71935
SO71936
SO71936
SO71936
SO71936
SO71936
SO71936
SO71936
SO71936
SO71936
SO71936
SO71936
SO71936
SO71936
SO71936
SO71936
SO71936
SO71936
SO71936
SO71936
SO71936
SO71936
SO71936
SO71936
SO71936
SO71936
SO71936
SO71936
SO71936
SO71936
SO71936
SO71936
SO71936
SO71936
SO71936
SO71936
SO71936
SO71936
SO71936
SO71936
SO71936
SO71936
SO71936
SO71936
SO71936
SO71936
SO71936
SO71937
SO71937
SO71937
SO71938
SO71938
SO71938
SO71938
SO71938
SO71938
SO71938
SO71938
SO71938
SO71938
SO71938
SO71938
SO71938
SO71938
SO71938
SO71938
SO71938
SO71938
SO71938
SO71938
SO71938
SO71938
SO71938
SO71938
SO71938
SO71938
SO71938
SO71938
SO71938
SO71938
SO71938
SO71938
SO71938
SO71938
SO71938
SO71938
SO71938
SO71938
SO71938
SO71938
SO71938
SO71938
SO71939
SO71939
SO71940
SO71940
SO71940
SO71941
SO71941
SO71941
SO71941
SO71941
SO71941
SO71941
SO71941
SO71941
SO71941
SO71941
SO71941
SO71941
SO71942
SO71942
SO71942
SO71942
SO71942
SO71942
SO71942
SO71943
SO71943
SO71943
SO71943
SO71943
SO71943
SO71943
SO71943
SO71943
SO71943
SO71943
SO71943
SO71943
SO71943
SO71943
SO71943
SO71943
SO71943
SO71943
SO71943
SO71943
SO71943
SO71943
SO71943
SO71943
SO71943
SO71943
SO71944
SO71944
SO71945
SO71945
SO71945
SO71945
SO71945
SO71945
SO71945
SO71945
SO71945
SO71945
SO71945
SO71945
SO71945
SO71945
SO71945
SO71945
SO71945
SO71945
SO71945
SO71945
SO71945
SO71945
SO71945
SO71945
SO71945
SO71945
SO71945
SO71945
SO71945
SO71945
SO71945
SO71945
SO71945
SO71945
SO71945
SO71945
SO71946
SO71947
SO71947
SO71947
SO71947
SO71947
SO71947
SO71947
SO71947
SO71947
SO71947
SO71947
SO71947
SO71947
SO71947
SO71947
SO71947
SO71947
SO71947
SO71947
SO71947
SO71947
SO71947
SO71947
SO71947
SO71947
SO71947
SO71947
SO71947
SO71947
SO71947
SO71947
SO71947
SO71947
SO71947
SO71947
SO71947
SO71947
SO71947
SO71947
SO71947
SO71947
SO71947
SO71947
SO71947
SO71948
SO71948
SO71948
SO71948
SO71948
SO71948
SO71948
SO71948
SO71948
SO71948
SO71948
SO71948
SO71948
SO71948
SO71948
SO71948
SO71948
SO71948
SO71948
SO71948
SO71948
SO71948
SO71948
SO71948
SO71948
SO71948
SO71948
SO71948
SO71949
SO71949
SO71949
SO71949
SO71949
SO71949
SO71949
SO71949
SO71949
SO71949
SO71949
SO71949
SO71949
SO71949
SO71949
SO71949
SO71949
SO71949
SO71949
SO71949
SO71949
SO71949
SO71949
SO71949
SO71949
SO71949
SO71949
SO71949
SO71949
SO71949
SO71949
SO71949
SO71949
SO71949
SO71949
SO71949
SO71949
SO71949
SO71949
SO71950
SO71950
SO71950
SO71951
SO71951
SO71952
SO71952
SO71952
SO71952
SO71952
SO71952
SO71952
SO71952
SO71952
SO71952
SO71952
SO71952
SO71952
SO71952
SO71952
SO71952
SO71952
SO71952
SO71952
SO71952
SO71952
SO71952
SO71952
SO71952
SO71952
SO71952
SO71952
SO71952
SO71952
SO71952
SO71952
SO71952
SO71952
SO71952
SO71952
SO71952
SO71952
SO71952
SO71952
SO71952
SO71952
